1 2
1 34
1 12
1 50
1 67
1 47
1 90
2 3
2 55
2 92
2 75
2 21
2 51
3 4
3 46
3 85
4 5
4 55
4 57
4 94
4 54
4 52
4 50
5 6
5 23
5 76
5 93
5 86
6 7
6 78
6 32
6 92
6 82
6 73
6 100
7 8
7 43
7 90
7 17
7 98
8 9
8 52
8 55
8 84
8 70
8 67
9 10
9 24
9 20
9 73
9 58
9 46
9 28
9 99
9 89
9 90
9 64
10 11
10 35
10 28
10 20
10 68
10 56
11 12
11 13
11 92
11 58
11 20
11 46
11 48
12 13
12 17
12 48
12 52
12 61
13 14
13 98
13 99
13 97
13 87
13 43
13 80
13 49
14 15
14 99
14 20
14 27
14 87
14 59
14 16
14 34
14 68
15 16
15 99
15 64
15 39
15 95
16 17
16 95
16 29
16 37
16 74
16 31
17 18
17 62
18 19
18 97
18 98
18 72
18 52
18 74
18 65
18 48
19 20
19 29
19 100
19 40
20 21
20 40
20 83
20 52
20 61
20 57
21 22
21 85
21 61
21 46
21 92
21 67
21 43
22 23
22 74
22 88
22 77
22 34
22 52
22 36
22 90
22 68
23 24
23 79
23 41
23 86
23 39
23 85
23 99
23 98
23 29
24 25
24 38
24 94
24 90
24 83
25 26
25 60
25 65
25 72
25 96
25 62
26 27
26 38
26 90
26 100
26 36
26 37
27 28
27 70
27 57
27 40
27 67
27 95
28 29
28 81
28 54
28 78
29 30
29 90
29 42
29 95
29 49
29 78
30 31
30 83
30 86
30 57
30 58
30 64
30 81
30 60
31 32
31 46
31 52
31 68
31 38
31 60
32 33
32 89
32 72
32 87
33 34
33 80
33 86
33 65
33 58
34 35
34 93
35 36
35 69
35 91
35 38
35 43
35 39
36 37
36 67
36 69
36 72
36 63
36 59
37 38
37 51
37 77
37 89
37 44
37 67
37 81
37 63
38 39
38 69
38 61
39 40
39 75
39 66
39 70
40 41
40 95
40 75
40 91
40 45
40 68
41 42
41 70
41 45
41 58
41 66
42 43
42 68
42 85
42 65
42 75
42 92
42 73
42 52
42 45
43 44
43 75
43 94
44 45
44 73
45 46
45 74
45 96
45 59
46 47
46 76
46 62
46 58
46 75
47 48
47 57
47 79
47 76
48 49
48 69
48 99
48 54
48 79
48 64
48 76
48 81
48 100
48 87
49 50
49 77
49 86
49 82
49 75
49 74
50 51
50 56
50 95
50 80
50 78
51 52
51 56
51 91
51 94
51 88
51 58
52 53
52 63
52 77
53 54
53 75
53 98
53 65
53 56
53 58
54 55
54 56
54 63
54 84
54 82
55 56
55 59
55 61
55 66
55 73
56 57
56 68
56 78
56 72
56 70
56 93
56 88
56 67
57 58
57 81
57 69
57 94
57 80
57 62
58 59
58 74
58 78
58 64
59 60
59 91
59 85
59 99
59 96
59 67
59 94
60 61
60 80
60 89
61 62
61 73
61 79
62 63
62 67
62 100
62 81
62 83
62 96
63 64
63 100
63 89
63 99
63 66
63 93
64 65
64 75
64 77
65 66
65 72
65 76
66 67
66 90
66 91
66 74
66 96
66 82
67 68
67 84
67 75
67 89
67 95
67 96
68 69
68 81
68 95
68 75
68 83
69 70
69 76
69 100
69 78
69 82
70 71
70 96
70 91
70 75
70 94
70 87
70 92
70 73
71 72
71 96
71 98
71 85
72 73
72 76
72 100
73 74
73 79
73 87
73 89
73 81
73 90
73 85
74 75
74 89
74 91
74 92
74 87
74 98
74 100
75 76
75 93
75 97
75 80
75 86
75 85
76 77
76 78
76 86
76 95
76 85
77 78
77 83
77 92
77 90
77 89
77 81
77 87
77 100
77 97
77 80
78 79
78 100
78 93
78 86
78 85
78 99
78 88
78 92
79 80
79 92
79 95
79 100
79 94
80 81
80 98
80 99
80 82
80 85
80 83
81 82
81 85
81 89
82 83
82 90
83 84
83 86
83 88
83 95
83 96
83 100
84 85
84 96
84 87
84 91
85 86
85 89
85 94
85 98
86 87
86 99
86 93
86 96
86 88
86 98
87 88
87 100
87 93
87 98
87 97
88 89
88 97
88 93
88 91
88 100
88 99
88 96
89 90
89 98
89 94
89 99
89 95
89 93
89 96
90 91
90 96
90 97
90 99
90 92
90 100
91 92
91 93
91 96
91 98
91 97
92 93
92 98
92 94
92 99
92 100
92 96
92 97
93 94
93 99
93 95
94 95
94 98
94 97
95 96
95 98
95 100
95 97
96 97
96 100
96 98
97 98
97 99
97 100
98 99
98 100
99 100
