1 2
2 3
2 69
3 4
4 5
5 6
5 87
5 40
5 26
6 7
6 90
7 8
7 44
7 68
8 9
8 92
9 10
10 11
10 64
10 20
10 60
10 99
11 12
12 13
12 54
12 45
12 50
12 16
12 58
12 20
13 14
13 95
13 85
13 86
14 15
15 16
15 100
16 17
16 70
16 82
16 22
17 18
17 100
17 50
17 30
17 62
17 56
18 19
18 33
18 68
19 20
19 69
20 21
20 98
20 24
21 22
21 78
21 48
21 44
22 23
22 56
22 99
22 88
23 24
23 45
23 40
23 50
23 97
23 51
24 25
25 26
25 85
25 88
26 27
26 87
26 86
26 60
27 28
27 60
27 30
28 29
28 76
29 30
29 82
30 31
30 65
31 32
31 78
31 88
31 49
32 33
32 62
32 67
32 49
32 65
32 50
33 34
33 85
33 52
34 35
34 56
34 75
34 71
34 94
35 36
35 75
36 37
36 54
36 41
36 42
37 38
37 80
37 98
38 39
38 90
38 63
38 56
38 89
38 93
39 40
39 79
39 46
39 92
40 41
40 64
40 69
41 42
41 55
41 100
42 43
42 93
42 58
43 44
43 86
44 45
44 76
44 65
45 46
45 65
45 93
46 47
47 48
47 83
48 49
48 79
49 50
49 76
49 80
49 91
50 51
50 62
50 73
51 52
51 60
52 53
52 74
52 69
53 54
53 100
53 85
54 55
54 67
54 97
54 69
55 56
55 88
55 57
56 57
56 74
56 67
56 89
57 58
57 99
57 100
57 68
57 76
58 59
58 84
59 60
59 64
59 94
60 61
60 82
61 62
62 63
62 93
63 64
63 69
63 88
63 97
64 65
64 99
64 88
64 93
65 66
65 92
66 67
66 88
66 68
66 69
66 80
67 68
67 76
67 84
67 91
68 69
68 70
68 74
69 70
69 86
69 72
70 71
70 73
70 94
70 83
71 72
71 99
71 97
72 73
72 84
73 74
73 94
74 75
74 99
75 76
75 83
75 86
75 82
75 100
76 77
76 97
76 88
77 78
77 93
78 79
78 90
78 91
78 82
79 80
79 89
79 91
80 81
80 83
80 99
81 82
81 90
81 97
81 100
82 83
82 84
82 87
83 84
83 88
84 85
85 86
85 93
86 87
87 88
87 99
88 89
88 90
88 97
89 90
89 97
89 94
90 91
90 99
91 92
91 97
92 93
93 94
94 95
94 100
94 99
95 96
95 97
96 97
96 98
97 98
97 100
98 99
98 100
99 100
