1 2
2 3
3 4
4 5
5 6
6 7
6 70
7 8
8 9
9 10
10 11
10 44
11 12
12 13
13 14
14 15
15 16
16 17
17 18
18 19
19 20
20 21
21 22
22 23
23 24
24 25
25 26
26 27
26 123
27 28
28 29
29 30
30 31
31 32
32 33
33 34
34 68
35 36
35 137
36 37
37 38
38 39
39 40
40 125
41 42
42 43
43 62
44 45
45 46
46 47
47 48
48 49
49 50
50 51
51 52
52 53
53 54
54 55
55 56
56 57
57 58
58 59
59 60
60 61
61 363
62 63
63 64
64 65
65 66
66 67
67 120
67 526
68 69
69 151
70 71
71 72
72 73
73 74
74 75
75 76
76 77
77 78
78 79
79 80
80 81
81 82
82 83
83 84
84 85
85 86
86 87
87 88
88 89
89 90
90 91
91 92
92 93
92 318
93 94
94 95
95 96
96 97
97 98
98 99
99 100
100 101
101 102
102 103
103 104
104 105
105 106
106 107
107 108
108 109
109 431
110 111
111 112
112 113
113 114
114 115
115 116
116 117
117 118
118 119
119 326
120 121
121 122
122 403
123 124
124 275
125 126
126 127
127 128
128 129
129 130
130 131
131 132
132 133
133 134
134 135
135 136
136 353
137 138
138 139
139 140
140 141
141 142
142 143
143 144
144 145
145 146
146 147
147 148
148 149
149 150
150 311
151 152
152 153
153 154
154 155
155 156
156 157
157 158
158 159
159 160
160 161
161 162
162 163
163 164
164 165
165 166
166 167
167 168
168 169
169 170
170 171
171 172
172 173
173 174
174 175
175 176
176 177
177 178
178 179
179 180
180 181
181 182
182 183
183 184
184 185
185 186
186 187
187 188
188 189
189 190
190 191
191 192
192 193
193 194
194 195
195 196
196 197
197 198
198 199
199 200
200 201
200 253
201 202
202 203
203 204
204 205
205 206
206 207
207 340
208 209
209 210
210 211
211 212
212 213
213 214
214 215
215 216
216 217
217 218
218 219
219 220
220 221
221 222
222 223
223 224
224 225
225 226
226 227
227 228
228 229
229 230
230 231
231 232
232 233
233 234
234 235
235 236
236 237
237 238
238 239
239 240
240 241
241 242
242 243
243 244
244 245
245 246
246 247
247 248
248 249
249 250
250 251
251 252
252 412
253 254
254 255
255 256
256 257
257 258
258 259
259 260
260 261
261 262
262 263
263 264
264 265
265 266
266 267
267 268
268 269
269 270
270 271
271 272
272 282
273 274
274 290
275 276
276 277
277 278
278 279
279 280
280 281
281 587
282 283
283 284
284 285
285 286
286 287
287 288
288 289
289 313
290 291
291 292
292 293
293 294
294 295
295 296
296 297
297 298
298 299
299 300
300 301
301 302
302 303
303 304
304 305
305 306
306 307
307 308
308 309
309 310
310 349
311 312
312 393
313 314
314 315
315 316
316 317
317 641
318 319
319 320
320 321
321 322
322 323
323 324
324 325
325 561
326 327
327 328
328 329
329 330
330 331
331 332
332 333
333 334
334 509
335 336
336 337
337 338
338 339
339 562
340 341
341 342
342 343
343 344
344 345
345 346
346 347
347 348
348 441
349 350
350 351
351 352
352 434
352 512
353 354
354 355
355 356
356 357
357 358
358 359
359 360
360 361
361 362
362 573
363 364
364 365
365 366
366 367
367 368
368 369
369 370
370 371
371 372
372 373
373 374
374 375
374 818
375 376
376 377
377 378
378 379
379 380
380 381
381 382
382 383
383 384
384 385
385 386
386 387
387 388
388 389
388 391
389 390
390 440
391 392
392 397
393 394
394 395
395 396
396 683
397 398
398 399
399 400
400 401
401 402
402 604
403 404
404 405
405 406
406 407
407 408
408 409
409 410
410 411
411 413
412 502
413 414
414 415
415 416
416 417
417 418
418 419
419 420
420 421
421 422
422 423
423 424
424 425
425 426
426 427
427 428
428 429
429 430
430 459
431 432
432 433
433 519
434 435
435 436
436 437
437 438
438 439
439 621
440 654
441 442
442 443
443 444
444 445
445 446
446 447
447 448
448 449
449 450
450 451
451 452
452 453
453 464
454 455
455 456
456 457
457 458
458 471
459 460
460 461
461 462
462 463
463 676
464 465
465 466
466 467
467 468
468 469
469 470
470 504
471 472
472 473
473 474
474 475
475 476
476 477
477 478
478 479
479 480
480 481
481 482
482 483
483 484
484 485
485 486
486 487
487 488
488 489
489 490
490 491
491 492
492 493
493 494
494 495
495 496
496 497
497 498
498 499
499 500
500 501
501 626
502 503
503 615
504 505
505 506
506 507
507 508
508 601
509 510
510 511
511 538
512 513
513 514
514 515
515 516
516 517
517 518
518 721
519 520
520 521
521 522
522 523
523 524
524 525
525 731
526 527
527 528
528 529
529 530
530 531
531 532
532 533
533 534
534 535
535 536
536 537
537 564
538 539
539 540
540 541
541 542
542 543
543 544
544 545
545 546
546 547
547 548
548 549
549 550
550 551
551 552
552 553
553 554
554 555
555 556
556 557
557 558
558 559
559 560
560 566
561 618
562 563
563 605
564 565
565 592
566 567
567 568
568 569
569 570
570 571
571 572
572 763
573 574
574 575
575 576
576 577
577 578
578 579
579 580
580 581
581 582
582 583
583 584
584 585
585 586
586 690
587 588
588 589
589 590
590 591
591 606
592 593
593 594
594 595
595 596
596 597
597 598
598 599
599 600
600 665
601 602
602 603
603 727
604 793
605 611
606 607
607 608
608 609
609 610
610 628
611 612
612 613
613 614
614 767
615 616
616 617
617 705
618 619
619 620
620 707
621 622
622 623
623 624
624 625
625 647
626 627
627 715
628 629
629 630
630 631
631 632
632 633
633 634
634 635
635 636
636 637
637 638
638 639
639 640
640 880
641 642
642 643
643 644
644 645
645 646
646 734
647 648
648 649
649 650
650 651
651 652
652 653
653 725
654 655
655 656
656 657
657 658
658 659
659 660
660 661
661 662
662 663
663 664
664 696
665 666
666 667
667 668
668 669
669 670
670 671
671 672
672 673
673 674
674 675
675 711
676 677
677 678
678 679
679 680
680 681
681 682
682 685
683 684
684 783
685 686
686 687
687 688
688 689
689 748
690 691
691 692
692 693
693 694
694 695
695 815
696 697
697 698
698 699
699 700
700 701
701 702
702 703
703 704
704 728
705 706
706 757
707 708
708 709
709 710
710 796
711 712
712 713
713 714
714 777
715 716
716 717
717 718
718 719
719 720
720 770
721 722
722 723
723 724
724 726
725 904
726 735
727 773
728 729
729 730
730 850
731 732
732 733
733 883
734 778
735 736
736 737
737 738
738 739
739 740
740 741
741 742
742 743
743 744
744 745
745 746
746 747
747 786
748 749
749 750
750 751
751 752
752 753
753 754
754 755
755 756
756 877
757 758
758 759
759 760
760 761
761 762
762 785
763 764
764 765
765 766
766 901
767 768
768 769
769 829
770 771
771 772
772 833
773 774
774 775
775 776
776 779
777 789
778 873
779 780
780 781
781 782
782 832
783 784
784 945
785 847
786 787
787 788
788 878
789 790
790 791
791 792
792 845
793 794
794 795
795 893
796 797
797 798
798 799
799 800
800 801
801 802
802 803
803 804
804 805
805 806
806 807
807 808
808 809
809 810
810 811
811 812
812 813
813 814
814 921
815 816
816 817
817 868
818 819
819 820
820 821
821 822
822 823
823 824
824 825
825 826
826 827
827 828
828 858
829 830
830 831
831 855
832 841
833 834
834 835
835 836
836 837
837 838
838 839
839 840
840 908
841 842
842 843
843 844
844 918
845 846
846 869
847 848
848 849
849 872
850 851
851 852
852 853
853 854
854 894
855 856
856 857
857 978
858 859
859 860
860 861
861 862
862 863
863 864
864 865
865 866
866 867
867 920
868 917
869 870
870 871
871 898
872 912
873 874
874 875
875 876
876 879
877 930
878 886
879 882
880 881
881 963
882 911
883 884
884 885
885 953
886 887
887 888
888 889
889 890
890 891
891 892
892 894
893 925
894 895
895 896
896 897
897 923
898 899
899 900
900 940
901 902
902 903
903 957
904 905
905 906
906 907
907 936
908 909
909 910
910 944
911 935
912 913
913 914
914 915
915 916
916 934
917 926
918 919
919 927
920 939
921 922
922 947
923 924
924 931
925 965
926 980
927 928
928 929
929 968
930 987
931 932
932 933
933 934
934 956
935 949
936 937
937 938
938 969
939 948
940 941
941 942
942 943
943 962
945 946
946 954
948 950
949 952
950 951
951 984
952 988
953 973
954 955
955 958
956 991
957 993
958 959
959 960
960 961
961 977
962 970
963 964
964 986
965 966
966 967
967 973
968 969
970 971
971 972
972 976
973 974
974 975
975 979
976 981
978 990
980 989
981 982
982 983
983 997
984 985
985 986
986 987
987 997
988 989
989 994
990 996
991 992
992 995
993 994
994 995
995 1000
997 998
998 999
999 1000
