1 2
1 938
1 229
1 190
1 996
2 3
2 325
2 465
2 35
2 183
3 4
3 830
3 274
3 176
3 736
4 5
4 471
5 6
5 240
5 527
5 188
6 7
6 76
6 115
6 534
6 669
6 70
7 8
7 865
7 989
7 635
7 968
7 993
7 422
7 869
8 9
8 472
8 488
8 855
8 649
8 620
9 10
9 327
9 711
9 45
9 920
9 269
9 262
9 49
9 353
9 561
9 304
10 11
10 134
10 800
10 880
10 415
10 928
10 37
10 44
11 12
11 93
11 582
11 169
11 41
11 184
11 766
12 13
12 837
12 338
12 590
12 102
12 190
13 14
13 71
13 263
13 41
13 529
13 936
13 347
13 395
13 918
14 15
14 798
14 403
14 163
14 963
14 577
14 17
15 16
15 800
15 517
16 17
16 810
16 823
16 765
16 824
17 18
17 214
17 156
17 343
17 178
17 470
18 19
18 125
18 632
18 871
18 876
18 737
18 571
19 20
19 32
19 200
19 947
19 571
19 843
20 21
20 490
20 265
21 22
21 595
21 752
21 238
21 558
21 839
21 829
21 83
21 988
22 23
22 704
22 170
22 238
23 24
23 390
23 145
23 679
23 269
23 856
23 763
23 338
24 25
24 320
24 448
24 528
24 594
25 26
25 685
25 459
25 388
26 27
26 746
26 568
26 948
26 86
26 516
26 98
26 123
27 28
27 415
27 368
27 520
27 666
27 323
28 29
28 846
28 414
28 512
28 708
28 322
29 30
29 595
29 994
29 119
29 77
29 496
29 812
29 591
30 31
30 628
30 267
30 660
30 809
30 795
31 32
31 570
31 992
32 33
32 635
32 738
32 977
32 916
32 664
33 34
33 885
33 61
33 667
33 844
34 35
34 236
34 950
34 202
34 985
34 517
34 280
34 394
34 992
34 68
35 36
35 922
35 446
35 163
35 137
35 140
36 37
36 246
36 815
36 801
37 38
37 375
37 39
37 903
37 506
37 249
38 39
38 171
38 674
38 970
38 566
38 852
38 276
39 40
39 514
39 563
39 508
39 496
39 655
39 209
40 41
40 193
40 520
40 862
40 125
41 42
41 227
42 43
42 876
42 996
42 279
42 229
42 762
42 81
43 44
43 62
43 732
43 577
43 608
43 385
43 752
44 45
44 915
44 982
44 742
44 146
44 280
44 242
45 46
45 596
45 79
46 47
46 628
46 614
46 271
46 66
47 48
47 188
47 172
47 373
47 351
47 640
48 49
48 418
48 839
48 925
48 68
49 50
49 404
49 505
49 245
49 412
49 880
49 984
50 51
50 426
50 258
50 277
50 648
51 52
51 86
51 78
51 701
51 463
51 734
51 810
51 864
52 53
52 260
52 144
52 919
52 790
53 54
53 249
53 689
53 957
53 927
54 55
54 552
54 267
54 970
54 610
54 603
54 531
55 56
55 343
55 62
55 469
55 307
55 923
55 280
55 701
56 57
56 459
56 426
56 93
56 670
56 207
56 968
57 58
57 241
57 159
57 675
57 86
57 921
58 59
58 490
58 942
58 544
58 995
58 341
58 508
58 261
58 88
58 673
59 60
59 788
59 799
59 447
59 520
59 350
60 61
60 724
60 271
60 732
60 573
60 583
60 973
61 62
61 363
61 947
61 275
62 63
62 790
62 642
62 926
62 678
62 525
62 171
62 775
63 64
63 190
63 575
63 822
63 804
63 269
63 898
63 849
63 633
64 65
64 435
64 879
64 941
64 539
64 759
64 497
64 917
65 66
65 67
66 67
66 569
66 268
66 838
66 481
66 591
67 68
67 432
67 710
67 72
67 478
67 526
67 976
67 548
67 254
67 178
67 120
67 498
67 78
68 69
68 387
68 196
68 815
68 84
69 70
69 405
69 330
69 151
69 430
69 699
69 800
70 71
70 843
70 106
70 414
71 72
71 101
71 424
72 73
72 168
72 466
72 213
72 681
72 805
72 679
72 470
73 74
73 682
73 712
73 81
73 950
73 565
73 651
73 421
73 512
74 75
74 755
74 988
74 764
74 152
74 345
74 235
75 76
75 618
75 567
75 706
75 677
75 352
76 77
76 631
76 630
76 990
76 664
76 816
76 209
76 368
77 78
77 257
77 145
77 799
77 285
78 79
78 197
78 609
78 700
78 349
78 617
78 854
78 461
79 80
79 635
80 81
80 988
80 481
80 300
80 837
80 357
80 322
80 606
80 436
81 82
81 338
81 897
81 776
81 462
81 382
81 738
81 762
81 621
81 224
81 809
82 83
82 110
82 616
82 141
82 182
82 741
82 499
83 84
83 439
83 385
83 841
83 283
83 90
83 942
83 219
83 890
84 85
84 98
84 890
84 151
84 985
84 567
85 86
85 353
85 154
85 919
85 931
85 544
85 746
85 732
86 87
86 542
86 962
86 658
86 863
86 243
86 313
86 110
87 88
87 631
87 651
87 454
87 991
87 475
88 89
88 928
88 380
88 258
88 586
89 90
89 143
89 461
89 255
89 437
89 169
89 720
90 91
90 684
90 528
91 92
91 786
91 267
91 229
91 488
91 663
91 724
91 744
91 844
92 93
92 898
92 730
92 925
92 497
92 967
92 435
92 682
92 318
93 94
93 924
93 841
93 927
93 759
93 466
93 106
93 450
94 95
94 308
94 348
94 847
94 143
94 804
94 198
94 559
94 204
94 296
94 628
95 96
95 623
95 875
95 991
95 213
95 639
96 97
96 293
96 641
96 142
96 914
96 106
96 501
96 995
97 98
97 967
97 621
97 224
98 99
98 319
98 546
98 362
99 100
99 540
99 792
99 930
99 846
100 101
100 823
100 936
100 135
100 821
101 102
101 474
101 536
101 249
101 684
101 195
101 606
102 103
102 465
102 209
102 654
102 128
102 373
102 433
102 447
103 104
103 738
103 965
103 947
103 683
103 704
103 745
103 332
104 105
104 734
104 318
104 716
104 854
105 106
105 847
105 897
105 471
106 107
106 686
106 119
106 887
106 846
106 805
106 423
106 164
107 108
107 459
107 322
108 109
108 152
108 693
108 250
108 535
108 415
108 665
109 110
109 378
109 122
109 431
110 111
110 325
110 660
110 320
110 550
110 483
111 112
111 717
111 686
111 316
111 527
111 943
111 224
111 861
112 113
112 169
112 251
112 464
113 114
113 183
113 160
113 526
113 262
113 192
113 801
114 115
114 240
114 642
114 373
114 628
114 187
114 585
115 116
115 428
115 850
115 704
115 341
116 117
116 466
116 769
116 715
116 588
116 682
116 138
116 314
117 118
117 528
117 857
117 840
117 747
117 995
117 560
118 119
118 866
118 622
118 704
118 880
118 665
119 120
119 820
119 598
119 308
119 326
119 756
119 486
119 496
119 215
119 824
120 121
120 617
120 630
120 293
120 625
120 334
120 266
120 348
120 250
121 122
121 380
121 340
121 975
122 123
122 403
122 680
122 438
122 334
122 532
123 124
123 216
123 830
123 266
124 125
124 780
124 296
124 382
124 255
124 275
124 872
124 403
124 863
125 126
126 127
126 333
126 221
126 314
126 590
126 296
126 309
126 199
126 593
127 128
127 392
127 569
127 725
127 799
127 167
128 129
128 491
128 846
128 412
129 130
129 966
129 636
129 859
129 802
129 350
129 394
130 131
130 862
130 864
130 448
130 582
131 132
131 320
131 505
131 693
131 886
131 136
132 133
132 926
132 458
132 686
132 592
132 959
133 134
133 667
133 974
134 135
134 672
134 585
135 136
135 803
135 180
135 211
136 137
136 703
136 274
136 729
136 862
136 550
136 353
136 943
136 807
136 172
137 138
137 946
137 434
137 982
137 346
138 139
138 638
138 794
138 337
138 830
138 711
139 140
139 698
139 355
139 725
140 141
140 915
140 872
140 295
140 907
140 736
141 142
141 627
141 665
142 143
142 796
142 997
142 265
142 317
142 408
142 438
142 379
143 144
143 383
143 569
143 719
143 800
144 145
144 512
144 953
144 442
144 839
144 701
145 146
145 585
145 874
145 788
145 607
146 147
146 687
146 262
147 148
147 779
147 745
147 591
147 853
148 149
149 150
149 501
149 942
149 409
150 151
150 318
150 568
150 206
150 741
150 311
150 848
150 938
150 180
151 152
151 944
151 294
151 928
151 413
151 686
151 890
152 153
152 838
152 273
152 247
152 261
152 210
152 787
152 989
152 491
153 154
153 820
153 806
153 660
153 998
154 155
154 849
154 932
154 992
154 693
154 921
154 831
155 156
155 579
155 535
156 157
156 189
156 464
156 450
156 539
157 158
157 312
157 419
157 676
157 869
157 831
157 882
158 159
158 366
158 556
158 894
158 859
158 741
158 847
158 191
158 267
158 960
158 966
158 673
159 160
159 177
159 210
159 203
160 161
160 805
160 1000
160 933
160 181
161 162
161 220
161 271
161 178
161 368
161 922
161 991
161 423
162 163
162 900
162 588
162 953
162 233
163 164
163 427
163 906
163 200
163 505
163 332
163 745
164 165
164 830
164 578
164 285
164 246
165 166
165 610
165 517
166 167
166 188
167 168
167 645
167 474
168 169
168 308
168 869
168 511
168 663
168 754
168 993
168 830
169 170
169 805
169 904
169 491
170 171
170 874
170 314
170 501
171 172
171 263
171 290
171 560
171 713
171 330
171 264
171 644
172 173
172 211
172 593
172 452
172 240
172 994
173 174
173 303
173 587
173 630
174 175
174 573
174 881
174 648
174 328
174 348
174 680
174 554
175 176
175 722
175 919
175 947
176 177
176 838
176 832
176 511
177 178
177 491
177 949
177 361
177 460
177 357
177 696
177 418
177 667
178 179
178 188
178 812
178 912
179 180
179 269
179 668
179 207
179 349
179 936
179 727
180 181
180 273
180 985
180 995
180 229
180 681
180 216
180 469
180 186
181 182
181 990
181 698
181 466
181 789
181 718
181 882
181 283
182 183
182 630
182 775
183 184
183 700
183 258
184 185
184 285
184 422
184 202
185 186
185 574
185 886
186 187
186 644
186 731
186 767
187 188
187 828
187 226
187 675
187 358
187 794
188 189
188 434
188 229
188 448
188 451
188 217
188 944
188 294
188 780
189 190
189 542
189 582
189 554
190 191
190 476
190 278
190 969
190 620
191 192
191 477
191 927
191 329
191 361
191 643
192 193
192 287
192 570
192 194
192 322
193 194
193 389
194 195
194 904
194 738
194 596
194 257
195 196
195 256
195 773
195 750
195 296
195 406
196 197
196 728
196 961
196 601
196 659
196 843
196 454
196 431
197 198
197 398
197 385
197 910
197 882
197 553
197 303
197 616
197 799
198 199
198 514
199 200
199 618
199 422
199 607
199 966
199 609
199 516
199 528
200 201
200 495
200 945
200 701
200 996
200 570
200 211
200 623
200 253
200 807
201 202
201 480
201 874
201 301
202 203
202 265
202 900
203 204
203 562
203 867
203 262
203 473
204 205
204 738
204 635
204 516
204 935
204 607
204 993
204 333
205 206
205 228
205 880
205 267
205 357
206 207
206 208
206 585
206 394
206 604
207 208
207 340
207 465
207 609
207 870
207 966
207 987
207 620
207 516
208 209
208 534
208 541
208 381
208 750
208 722
208 582
208 606
208 835
208 443
209 210
209 699
209 343
209 327
209 599
209 813
209 907
209 812
209 212
209 330
209 425
209 332
209 864
209 932
210 211
210 414
210 562
210 742
210 928
210 715
210 688
210 848
210 439
211 212
211 469
211 547
211 767
212 213
212 401
212 729
212 282
212 928
212 945
212 419
212 718
212 650
213 214
213 397
213 969
213 381
213 637
213 838
213 484
213 845
213 432
213 224
214 215
214 974
214 323
214 343
214 701
214 583
214 575
214 762
214 669
215 216
215 766
215 909
215 649
215 982
215 586
215 727
215 264
215 286
216 217
216 857
216 234
216 412
216 864
216 303
216 523
216 995
216 929
216 626
217 218
217 881
217 875
218 219
218 566
218 369
218 454
218 647
218 287
218 922
218 814
218 910
219 220
219 726
219 771
219 790
220 221
220 299
220 838
220 916
220 581
221 222
221 663
221 587
221 938
221 459
221 723
221 257
222 223
222 987
222 577
222 478
222 825
222 515
222 224
223 224
223 283
223 845
223 723
223 416
224 225
224 942
224 587
224 833
224 420
225 226
225 335
225 271
225 325
225 498
226 227
226 780
226 959
226 669
227 228
227 503
227 518
227 471
227 981
227 656
227 940
227 419
228 229
228 275
228 379
228 436
229 230
229 577
229 700
229 709
229 691
229 574
229 912
230 231
230 886
230 749
230 288
230 376
231 232
231 458
231 600
232 233
232 463
232 519
232 346
232 727
233 234
233 568
233 998
233 344
233 688
234 235
234 281
235 236
235 411
235 275
235 310
236 237
236 511
236 842
236 281
236 963
236 957
236 748
236 656
237 238
237 344
237 458
238 239
238 359
238 725
239 240
239 257
239 727
239 531
239 486
240 241
240 713
240 693
240 751
240 669
240 712
240 269
241 242
241 345
241 563
241 572
241 904
241 409
241 814
242 243
242 935
242 745
242 786
242 741
243 244
243 777
243 333
243 554
243 414
243 974
243 527
244 245
244 474
244 483
244 883
244 886
245 246
245 973
245 798
245 921
245 260
245 987
245 795
245 842
245 562
246 247
246 381
246 875
246 762
246 731
246 457
247 248
247 935
247 558
247 307
247 980
247 515
247 540
247 952
248 249
248 470
248 552
248 430
248 739
248 587
248 713
249 250
249 880
249 919
249 677
250 251
250 676
250 441
250 321
250 351
250 740
251 252
251 264
251 629
252 253
252 491
252 799
252 498
252 820
252 850
252 975
252 412
253 254
253 808
253 848
254 255
254 679
254 735
254 708
254 942
254 778
255 256
255 640
255 675
255 586
255 932
256 257
256 319
256 496
256 395
256 652
256 674
256 385
256 958
257 258
257 359
257 638
257 541
258 259
258 818
258 769
259 260
259 586
259 867
259 609
259 809
259 375
259 802
260 261
260 989
260 797
260 575
260 577
261 262
261 659
261 978
261 755
262 263
262 606
262 901
262 502
263 264
263 403
263 613
263 564
263 841
263 377
264 265
264 390
264 634
264 812
264 443
265 266
265 677
265 874
265 563
265 332
266 267
266 612
266 972
266 627
266 487
266 293
267 268
267 643
267 359
267 976
268 269
268 384
268 709
268 989
268 477
268 765
268 628
269 270
269 677
269 868
269 396
270 271
270 759
270 448
270 651
270 796
270 740
270 386
271 272
271 560
271 573
271 331
271 453
271 922
272 273
272 897
272 282
272 399
272 626
272 403
272 730
273 274
273 873
273 904
273 744
273 335
273 725
273 769
273 804
274 275
274 290
274 846
274 444
274 947
274 384
274 378
274 541
274 396
274 754
274 651
274 773
274 532
274 744
275 276
275 571
275 698
276 277
276 945
276 333
277 278
277 954
277 537
277 897
278 279
278 538
278 352
278 646
278 707
278 909
278 996
278 305
278 998
279 280
279 796
279 824
279 667
280 281
280 991
280 935
280 965
280 420
280 583
280 337
281 282
281 714
281 730
281 912
281 587
281 494
282 283
282 534
282 657
282 530
282 843
282 676
283 284
283 910
283 886
283 734
283 564
283 315
283 942
284 285
284 970
284 290
285 286
285 796
285 644
285 354
285 865
285 861
285 709
286 287
286 735
286 544
286 476
286 545
286 942
286 878
286 944
286 637
286 719
287 288
287 915
287 599
287 843
288 289
288 721
288 876
288 784
288 526
289 290
289 626
289 398
289 665
289 913
289 313
289 465
289 715
289 692
289 551
290 291
290 404
290 729
290 875
291 292
291 679
291 564
292 293
292 416
292 659
292 730
293 294
293 941
293 572
293 427
294 295
294 492
294 313
294 757
294 889
294 425
294 964
295 296
295 380
295 945
295 832
295 343
296 297
296 953
296 523
296 605
296 727
296 446
296 438
296 828
297 298
297 317
297 847
297 924
298 299
298 798
298 956
298 704
298 738
298 701
298 454
298 914
299 300
299 802
299 607
299 628
299 982
300 301
300 643
300 829
300 865
300 406
301 302
301 468
301 519
301 323
301 887
301 420
301 689
301 320
301 331
302 303
302 913
302 357
302 525
302 892
302 442
302 951
302 548
302 935
302 744
302 321
303 304
303 624
303 819
303 502
303 512
303 489
303 736
303 661
304 305
304 841
304 380
305 306
305 455
305 393
305 499
305 344
305 990
305 747
306 307
306 345
306 938
306 862
306 721
306 524
307 308
307 660
307 969
307 863
307 665
308 309
308 320
308 551
308 430
308 463
308 506
308 617
308 854
308 939
309 310
309 784
309 816
309 612
310 311
310 921
310 519
310 432
310 349
310 326
310 379
311 312
311 669
311 609
311 578
311 790
311 484
312 313
312 761
312 561
312 393
312 475
312 931
312 976
313 314
313 474
313 338
313 513
314 315
314 695
314 537
314 814
314 582
314 747
315 316
315 403
315 548
315 556
315 517
315 380
315 782
316 317
316 820
316 755
316 603
316 817
316 944
316 637
316 476
316 769
317 318
317 641
317 361
317 395
317 416
317 597
318 319
318 389
318 984
318 433
318 538
318 371
318 448
319 320
319 705
319 602
319 676
319 566
319 711
319 969
320 321
320 750
320 587
320 657
320 328
320 709
320 327
320 620
320 790
321 322
321 639
321 345
321 942
321 799
321 839
322 323
322 902
322 485
322 645
322 376
323 324
323 485
323 575
323 480
324 325
324 484
324 553
324 739
324 696
325 326
325 845
325 896
325 561
325 749
325 335
325 922
326 327
326 796
326 547
327 328
327 701
327 385
327 828
328 329
328 659
328 679
328 651
329 330
330 331
330 754
331 332
331 343
331 472
332 333
332 639
332 377
332 901
332 866
333 334
333 753
333 446
333 514
333 589
333 623
333 803
333 538
333 335
333 505
333 357
334 335
334 630
334 509
334 420
334 921
334 989
334 756
335 336
335 382
335 665
335 732
335 535
335 498
335 990
335 994
335 721
335 384
335 904
335 630
336 337
336 660
336 578
336 528
337 338
337 678
338 339
338 499
338 832
338 643
339 340
339 754
339 752
339 871
339 959
339 678
339 562
339 680
340 341
340 803
340 653
340 883
340 863
340 869
341 342
341 387
341 950
341 544
342 343
342 743
342 804
342 424
342 382
342 941
343 344
343 401
343 897
343 478
343 561
343 983
343 572
343 995
343 962
343 672
344 345
344 519
344 474
344 546
344 622
345 346
345 355
345 426
345 959
345 604
346 347
346 906
346 991
346 676
346 944
346 817
346 829
346 541
346 813
346 859
347 348
347 403
347 686
347 515
347 720
347 923
347 468
347 382
347 638
348 349
348 848
348 441
349 350
349 590
349 544
349 397
349 410
349 374
349 573
349 898
349 520
350 351
350 980
350 541
350 977
350 981
350 773
351 352
351 969
351 526
351 625
351 897
351 646
352 353
352 434
352 969
352 441
352 903
352 512
352 796
352 784
352 839
353 354
353 542
353 841
353 360
354 355
354 898
354 628
354 916
354 674
354 481
355 356
355 381
355 471
355 456
355 754
356 357
356 862
356 539
356 863
357 358
357 474
357 430
357 975
357 894
358 359
358 522
358 810
358 866
358 906
358 829
358 959
358 946
359 360
359 689
359 763
359 583
359 734
359 665
359 929
359 600
360 361
360 421
360 852
360 570
360 544
360 799
360 467
360 784
360 642
361 362
361 566
361 947
361 538
361 948
362 363
362 922
362 852
362 573
362 717
362 948
362 404
363 364
363 532
363 727
363 678
363 659
363 579
363 811
363 765
363 816
364 365
364 923
364 664
364 732
364 656
365 366
365 683
365 820
365 652
365 737
365 754
365 1000
365 745
366 367
366 480
366 832
366 945
366 994
366 647
366 657
366 861
366 784
366 739
367 368
367 750
367 442
367 998
367 786
367 932
367 888
368 369
368 765
368 685
368 707
368 763
368 820
369 370
369 446
369 581
369 580
369 604
369 892
370 371
370 743
370 941
370 655
370 598
370 417
370 582
371 372
371 868
371 929
371 446
371 691
371 718
371 405
371 889
372 373
372 789
373 374
373 475
373 573
373 682
373 789
373 788
373 926
373 855
373 515
374 375
374 570
374 825
374 659
374 818
374 649
375 376
375 873
375 389
375 598
376 377
376 985
376 578
376 761
377 378
377 458
377 879
377 545
377 685
378 379
378 428
378 941
378 857
378 526
378 582
378 891
379 380
379 637
379 667
379 786
379 747
379 838
379 750
380 381
380 580
380 707
381 382
381 477
381 393
381 513
381 923
381 519
382 383
382 931
382 691
382 583
382 698
382 940
383 384
383 436
383 892
383 707
383 551
383 692
383 812
384 385
384 723
384 946
384 875
384 997
384 776
385 386
385 559
385 775
386 387
386 688
386 441
386 941
386 519
387 388
387 957
387 635
387 796
387 426
387 889
388 389
388 918
388 906
388 391
388 895
388 946
389 390
389 523
389 414
389 522
389 880
389 520
389 679
390 391
390 440
390 892
390 852
390 528
391 392
391 920
391 863
391 696
391 626
391 580
391 728
391 772
391 782
392 393
392 804
392 948
392 428
392 397
392 547
392 396
392 938
392 942
393 394
393 988
393 774
393 981
393 991
393 884
394 395
394 782
394 572
395 396
395 598
395 909
395 958
395 993
396 397
396 516
396 686
396 683
396 830
397 398
397 425
397 468
397 738
397 591
398 399
398 989
398 509
398 457
398 1000
398 833
399 400
399 696
399 520
399 772
399 914
399 703
399 673
400 401
400 878
400 709
400 405
400 936
400 678
400 794
400 857
401 402
401 847
401 761
401 965
402 403
402 893
402 604
402 739
402 524
403 404
403 639
403 786
403 449
403 933
404 405
404 964
404 709
404 569
404 470
404 552
405 406
405 449
405 672
405 556
405 817
405 905
406 407
406 586
406 852
406 906
406 480
406 557
406 467
406 569
406 800
407 408
407 802
407 517
407 990
407 780
408 409
408 577
408 619
408 843
408 466
408 607
409 410
409 831
409 698
409 688
409 942
409 456
410 411
410 982
410 849
410 565
410 783
410 597
410 704
410 610
410 977
410 557
410 681
411 412
411 699
411 484
411 413
412 413
412 418
412 502
412 648
412 799
413 414
413 993
413 593
413 878
413 917
414 415
414 914
414 596
414 568
414 586
414 528
415 416
415 662
415 880
415 784
416 417
416 896
416 708
416 542
416 573
416 652
417 418
417 478
417 658
417 734
418 419
418 999
418 529
418 901
418 625
418 758
419 420
419 666
419 866
419 802
419 830
419 815
419 921
420 421
420 690
420 893
420 681
420 986
420 790
420 524
420 470
421 422
421 922
421 876
421 970
421 435
421 582
421 554
421 800
421 659
421 879
422 423
422 863
422 982
422 606
422 899
423 424
423 828
423 893
423 894
423 457
423 925
424 425
424 845
424 522
424 835
424 517
424 999
424 744
424 834
424 655
425 426
425 518
425 427
425 561
425 454
425 566
425 674
425 469
425 685
425 677
426 427
426 534
426 749
426 956
426 968
426 926
426 881
426 629
427 428
427 684
427 823
427 899
428 429
428 970
428 514
428 863
428 746
428 635
428 750
428 891
429 430
429 929
429 438
429 804
429 491
429 464
429 665
429 658
430 431
430 521
430 788
430 459
430 446
431 432
431 539
431 726
431 936
431 884
431 480
431 923
431 773
431 732
432 433
432 519
432 629
433 434
433 543
433 491
433 612
433 577
433 471
433 519
433 642
434 435
434 709
434 787
434 707
434 962
434 511
435 436
435 923
435 830
435 490
435 821
435 566
435 730
435 721
436 437
436 589
437 438
437 531
437 537
438 439
438 956
438 442
438 655
439 440
439 711
439 898
439 452
439 621
439 946
440 441
440 492
440 644
440 603
440 654
441 442
441 945
441 536
441 619
441 943
441 823
441 568
442 443
442 734
442 958
442 577
442 992
442 565
442 646
443 444
443 768
443 495
443 765
443 772
443 825
443 633
443 577
443 881
444 445
444 557
444 874
444 680
444 891
445 446
445 526
445 523
445 763
445 765
445 920
445 879
445 699
445 656
445 915
446 447
446 897
446 689
446 575
446 843
446 856
446 609
446 666
446 914
446 487
447 448
447 970
447 953
447 500
448 449
448 557
448 588
448 594
448 796
448 717
449 450
449 903
449 534
449 908
449 821
449 584
450 451
450 673
450 514
450 603
450 661
450 941
451 452
451 777
451 622
451 864
451 628
452 453
452 896
452 502
452 1000
452 530
453 454
453 572
453 464
453 610
453 698
453 703
453 717
453 654
454 455
454 623
454 680
454 717
454 918
454 633
454 495
455 456
455 642
455 743
455 823
455 700
456 457
456 645
456 784
457 458
457 590
458 459
458 741
458 724
458 878
458 737
458 471
459 460
459 610
459 497
459 734
459 654
459 618
460 461
460 718
460 744
461 462
461 910
461 674
461 762
462 463
462 474
462 538
462 585
462 638
463 464
463 719
463 676
463 686
463 480
463 727
463 889
463 661
463 941
463 928
464 465
464 709
464 987
464 806
464 969
464 638
464 521
465 466
465 480
465 537
466 467
466 633
466 651
466 471
466 550
466 855
466 613
466 842
466 741
466 942
467 468
467 573
467 745
467 557
467 539
467 480
467 964
468 469
468 895
468 965
468 888
469 470
469 984
469 480
469 752
470 471
470 614
470 641
470 590
470 504
471 472
471 604
471 540
471 732
471 978
471 687
471 989
471 840
472 473
472 475
472 649
472 843
472 911
472 923
473 474
473 840
473 762
473 836
474 475
474 874
474 967
474 672
474 980
474 736
474 954
474 930
474 695
474 884
475 476
475 916
475 930
475 737
475 574
476 477
476 655
476 642
476 978
476 567
476 623
476 720
476 700
477 478
477 537
477 549
477 505
478 479
478 642
478 789
478 880
479 480
479 721
479 944
479 937
480 481
480 892
480 496
481 482
481 663
481 560
482 483
482 546
482 768
482 557
482 868
482 509
483 484
483 883
483 943
483 717
483 981
483 829
483 927
484 485
484 490
484 959
484 863
484 701
485 486
485 977
485 532
485 585
485 556
485 909
485 933
486 487
486 647
486 622
486 512
486 957
486 825
486 831
487 488
487 870
487 527
487 853
487 671
487 761
487 884
488 489
488 916
488 911
488 812
488 543
488 600
488 490
488 729
488 532
488 959
488 974
488 989
489 490
489 704
489 994
489 974
490 491
490 547
490 659
490 616
490 996
490 638
490 902
491 492
491 924
491 744
491 878
491 929
492 493
492 915
492 744
493 494
493 975
493 620
493 734
493 844
494 495
494 951
494 534
494 960
495 496
495 955
495 576
495 982
495 758
495 755
496 497
496 707
496 940
496 815
496 641
496 994
496 559
496 945
497 498
497 784
498 499
498 979
498 966
499 500
499 517
499 799
500 501
500 600
500 998
500 612
500 894
500 713
501 502
501 797
501 626
501 573
501 724
501 620
502 503
502 849
502 542
502 548
502 880
502 587
502 707
503 504
503 615
503 949
503 511
503 593
503 843
504 505
504 551
504 891
504 974
504 978
504 645
505 506
505 642
505 870
505 827
505 837
505 781
505 950
506 507
506 556
506 882
506 676
506 679
507 508
507 746
507 722
508 509
508 957
508 742
508 601
508 642
508 752
509 510
509 545
510 511
510 905
510 924
510 658
510 797
511 512
511 541
511 538
511 940
512 513
512 728
512 718
512 784
512 636
513 514
513 882
513 664
513 960
513 584
513 750
514 515
514 772
514 838
514 522
514 518
514 639
514 533
514 694
515 516
515 928
515 650
515 953
515 671
515 825
515 888
516 517
516 906
516 875
516 953
516 641
516 947
516 765
517 518
517 852
517 574
518 519
518 967
518 875
518 721
519 520
519 884
519 900
519 825
519 976
520 521
520 848
520 649
520 532
520 573
521 522
521 721
521 881
522 523
522 884
522 717
522 889
522 719
522 583
522 549
523 524
523 664
523 589
523 995
523 817
524 525
524 685
524 675
524 632
524 680
525 526
525 529
525 856
525 940
525 731
525 719
525 749
526 527
526 918
526 978
526 945
526 843
526 644
527 528
527 941
527 853
527 667
527 536
527 950
527 966
528 529
528 571
528 883
528 668
528 838
528 656
528 849
528 885
528 964
528 914
528 660
528 853
529 530
529 862
529 975
529 914
529 768
530 531
530 954
530 795
530 985
530 541
530 589
531 532
531 790
531 606
531 907
531 897
531 752
531 643
532 533
532 886
532 884
532 583
532 801
532 933
533 534
533 672
533 588
533 586
533 969
534 535
534 864
534 947
534 608
534 993
534 845
535 536
535 939
535 779
535 907
535 982
535 758
535 971
535 917
535 773
535 830
536 537
536 711
536 948
536 795
537 538
537 743
537 564
537 851
537 911
538 539
538 656
538 991
538 715
538 669
538 811
539 540
539 930
539 897
539 798
539 932
540 541
540 811
540 604
540 866
541 542
541 796
541 916
541 671
542 543
542 869
542 793
543 544
543 740
543 961
543 649
543 860
543 646
544 545
544 733
544 897
544 970
544 595
544 849
544 765
545 546
545 858
545 801
545 736
545 585
545 759
545 567
546 547
546 953
546 916
546 918
546 860
547 548
547 840
547 578
547 964
547 782
547 927
547 972
548 549
548 759
548 732
548 820
548 973
548 576
549 550
549 899
549 669
549 728
549 892
549 941
549 742
550 551
550 923
550 969
550 682
550 867
550 624
550 658
551 552
551 997
551 777
552 553
552 902
552 954
552 601
553 554
553 826
554 555
554 593
554 893
555 556
555 669
555 959
555 978
555 780
555 912
555 894
556 557
556 879
556 972
556 683
556 923
557 558
557 899
557 921
557 902
557 881
558 559
558 804
558 952
558 894
558 617
558 654
558 891
559 560
559 663
559 978
559 703
559 720
559 601
559 722
560 561
560 863
560 566
560 889
560 920
560 995
560 869
561 562
561 788
561 815
561 618
562 563
562 717
562 935
562 653
562 637
562 897
562 898
562 876
562 565
562 745
563 564
563 605
563 854
564 565
564 969
564 894
564 713
564 653
564 816
564 739
564 787
564 716
564 928
564 618
565 566
565 621
565 592
565 600
565 933
566 567
566 796
566 973
566 871
566 977
566 946
566 839
566 772
566 734
566 941
566 993
567 568
567 940
567 822
567 849
567 602
567 569
567 993
568 569
568 973
568 977
568 866
568 759
568 923
568 754
568 969
569 570
569 756
569 966
569 639
569 874
570 571
570 611
570 924
570 744
570 866
570 722
571 572
571 862
571 895
571 630
571 695
571 969
571 938
571 948
572 573
572 826
572 763
572 949
572 628
572 915
572 893
572 855
573 574
573 845
573 806
574 575
574 879
574 889
575 576
575 695
575 848
575 757
576 577
576 858
576 987
576 801
576 890
576 758
577 578
577 891
577 715
577 686
577 695
577 915
577 842
577 799
578 579
578 776
578 939
578 722
578 621
579 580
579 831
579 828
579 682
579 950
580 581
580 969
580 807
580 871
580 685
580 703
580 882
580 762
581 582
581 936
581 783
581 999
582 583
582 715
582 924
582 717
582 668
582 792
582 853
582 838
583 584
583 872
583 632
583 692
584 585
584 923
584 627
584 824
584 843
584 692
585 586
585 877
585 948
585 997
585 858
586 587
586 690
586 591
586 913
586 747
586 729
586 950
586 748
586 781
586 761
587 588
587 701
587 868
587 881
587 853
587 727
587 652
587 768
588 589
588 837
588 834
588 962
588 665
588 997
588 899
589 590
589 902
589 887
589 719
589 733
590 591
590 797
590 944
591 592
591 781
591 990
591 759
591 850
591 669
591 750
591 798
591 848
591 606
591 602
591 709
591 694
592 593
592 872
592 854
592 728
592 663
592 808
592 598
593 594
593 965
593 848
593 958
593 680
594 595
594 733
595 596
595 894
595 649
595 923
595 811
595 724
596 597
596 766
596 994
596 873
596 749
596 762
597 598
597 999
597 742
597 663
597 965
597 942
598 599
598 994
598 978
598 874
599 600
599 843
599 665
599 904
599 995
600 601
600 665
600 903
600 742
600 726
601 602
601 734
601 859
601 899
601 975
601 910
601 902
602 603
602 615
602 620
602 983
602 963
602 750
602 858
603 604
603 704
603 727
603 839
603 775
603 924
603 965
604 605
604 793
604 811
604 715
604 785
605 606
605 898
605 611
605 964
605 971
605 703
606 607
606 754
606 692
606 779
606 670
606 846
606 910
606 677
607 608
607 676
607 939
607 705
607 731
608 609
608 871
608 833
608 965
608 993
608 666
609 610
609 890
609 690
609 830
609 727
609 843
609 760
609 838
610 611
610 628
610 635
610 934
610 778
610 717
611 612
611 933
611 970
611 765
611 661
611 761
611 664
612 613
612 850
612 858
612 661
612 617
612 985
612 948
612 962
612 888
612 762
613 614
613 958
613 899
613 877
613 801
613 971
613 749
613 854
614 615
614 677
614 767
614 711
614 694
614 769
615 616
615 653
615 774
615 724
615 802
616 617
616 620
616 804
616 683
616 872
617 618
617 705
617 955
618 619
618 913
618 684
618 677
618 736
618 740
619 620
619 873
619 884
619 892
619 778
619 770
619 682
619 823
619 890
620 621
620 805
620 715
620 857
620 707
620 817
620 982
620 990
620 702
621 622
621 884
621 645
621 821
621 888
622 623
622 813
622 988
622 819
622 811
623 624
623 628
623 737
624 625
624 999
624 823
624 800
624 914
624 845
625 626
625 913
625 730
625 780
625 958
625 629
625 647
626 627
626 706
626 845
626 729
627 628
627 983
627 715
627 872
627 788
627 814
628 629
628 794
628 933
628 895
628 837
628 849
628 855
629 630
629 974
630 631
630 995
630 804
630 931
630 975
630 914
631 632
631 910
631 860
631 840
631 813
631 788
632 633
632 744
633 634
633 680
633 689
633 955
633 944
634 635
634 802
634 723
634 840
634 695
634 806
634 732
634 930
635 636
635 975
635 743
635 878
635 706
636 637
636 683
636 688
637 638
637 884
637 728
637 646
637 835
638 639
638 880
638 734
638 753
638 651
639 640
639 675
639 847
639 947
639 965
640 641
640 924
640 667
640 752
640 880
641 642
641 872
641 943
641 848
642 643
642 942
642 820
642 815
642 818
642 918
643 644
643 971
643 648
643 834
643 980
643 677
644 645
644 990
644 705
644 675
644 715
645 646
645 710
645 959
645 753
645 905
646 647
646 734
646 665
646 776
646 745
646 982
646 686
646 673
646 747
647 648
647 754
647 971
648 649
648 888
648 973
648 827
648 1000
649 650
649 971
649 654
649 937
649 842
649 1000
649 816
649 685
650 651
650 761
650 770
650 915
650 951
650 827
651 652
651 884
651 769
651 915
651 690
651 803
652 653
652 677
652 656
652 970
652 941
653 654
653 985
653 859
653 963
653 725
654 655
654 914
654 781
654 987
654 736
654 994
654 689
655 656
655 890
656 657
656 805
656 879
656 987
656 912
657 658
657 742
657 664
657 1000
657 838
657 704
658 659
658 985
658 763
658 974
658 854
659 660
659 770
659 687
660 661
660 916
660 840
660 831
660 748
660 948
660 765
660 919
661 662
661 960
661 779
661 669
662 663
662 780
662 960
662 917
662 886
663 664
663 896
663 795
663 845
663 948
663 772
664 665
664 696
664 672
664 983
664 830
664 767
664 990
664 706
664 741
664 712
665 666
665 749
665 878
665 981
665 685
665 768
665 915
666 667
666 976
666 774
666 789
666 954
666 866
666 936
666 768
666 674
667 668
667 881
667 976
667 832
667 892
667 850
667 877
668 669
668 821
668 922
668 828
669 670
669 684
669 756
669 925
669 979
669 997
670 671
670 940
670 919
670 789
670 690
670 694
670 938
671 672
671 839
671 782
671 729
671 912
672 673
672 768
672 991
672 710
673 674
673 934
673 961
674 675
674 764
674 798
674 942
675 676
675 989
675 846
675 932
675 784
675 761
675 833
675 711
675 878
676 677
676 876
676 927
676 910
676 697
676 763
676 923
677 678
677 725
677 940
677 871
677 898
677 966
678 679
678 920
678 926
678 851
678 900
679 680
679 762
679 713
679 941
679 844
679 684
680 681
680 923
680 898
680 788
680 832
680 833
680 811
680 954
680 757
680 715
680 932
681 682
681 975
681 843
681 971
681 915
681 774
681 731
681 944
682 683
682 685
682 966
682 942
682 860
682 750
682 859
682 813
683 684
683 726
684 685
684 704
684 721
684 962
684 819
684 950
684 990
684 783
684 942
684 971
684 943
685 686
685 988
685 924
685 744
685 964
685 794
685 944
685 884
685 961
686 687
686 996
686 770
686 765
686 790
686 719
687 688
687 921
687 855
687 926
687 928
688 689
688 704
688 773
688 714
688 943
688 710
688 867
689 690
689 904
689 983
689 748
689 984
689 985
689 962
690 691
690 941
690 798
690 958
690 812
690 740
691 692
691 880
691 882
691 764
692 693
693 694
693 764
693 839
693 1000
693 784
693 805
694 695
694 727
694 791
694 715
695 696
695 786
695 797
695 930
695 743
695 815
695 787
695 894
696 697
696 911
696 792
696 751
696 959
696 793
696 723
696 771
697 698
697 866
697 915
697 974
697 918
697 770
698 699
698 737
698 788
698 766
698 962
698 849
699 700
699 926
699 718
699 802
700 701
700 858
700 837
700 869
700 770
700 728
701 702
701 966
701 850
701 992
701 852
701 990
702 703
702 819
702 991
702 812
702 877
702 800
702 762
702 920
703 704
703 839
703 975
703 883
703 721
703 813
703 882
703 940
704 705
704 789
704 735
704 843
704 728
704 896
705 706
705 979
705 951
705 869
705 843
705 833
705 846
706 707
706 746
706 980
706 757
706 709
706 724
706 742
706 910
706 870
707 708
707 895
707 725
707 793
707 936
708 709
708 954
708 923
708 997
708 942
708 827
709 710
709 955
709 985
709 864
709 961
709 959
710 711
710 796
710 961
710 902
710 731
711 712
711 978
711 945
711 910
711 831
711 992
712 713
712 780
712 771
712 903
713 714
713 844
713 765
713 740
713 840
713 898
713 818
713 967
714 715
714 809
714 915
714 777
714 989
715 716
715 874
715 758
715 971
715 968
715 886
716 717
716 858
716 774
716 877
716 728
717 718
717 757
717 846
717 770
717 859
717 848
718 719
718 887
718 923
718 826
718 728
718 920
718 804
718 919
719 720
719 787
719 748
719 898
719 866
719 975
720 721
720 816
720 967
720 753
720 946
720 770
720 887
721 722
721 848
721 819
721 737
721 738
722 723
722 749
722 941
723 724
723 870
723 857
724 725
724 728
724 949
724 930
724 757
724 913
724 939
724 726
724 827
724 899
725 726
725 769
725 934
725 884
725 904
726 727
726 735
726 975
726 939
726 941
727 728
727 773
727 861
727 991
727 824
727 962
727 854
728 729
728 803
728 881
728 842
728 781
728 985
728 735
728 885
729 730
729 768
729 970
729 793
729 807
729 886
730 731
730 962
730 772
730 850
731 732
731 843
731 779
731 965
731 866
732 733
732 755
732 829
732 923
732 862
732 880
733 734
733 805
733 832
733 894
733 883
734 735
734 946
734 778
734 815
734 917
734 868
735 736
735 848
735 981
735 927
735 958
735 989
736 737
736 959
736 813
736 970
736 913
736 845
737 738
737 954
737 840
738 739
738 754
738 1000
738 816
738 912
739 740
739 968
739 796
739 748
739 994
739 762
740 741
740 956
740 995
740 753
741 742
741 835
741 925
741 762
742 743
742 976
742 754
742 971
742 893
743 744
743 897
743 918
743 840
744 745
744 967
744 783
744 817
744 820
744 956
744 922
745 746
745 777
746 747
746 835
747 748
747 800
747 792
747 786
748 749
748 922
748 908
749 750
749 866
749 796
749 869
749 886
749 958
749 913
749 907
750 751
750 939
750 778
750 972
750 865
751 752
751 788
751 932
751 943
751 924
752 753
752 922
753 754
753 997
753 814
753 789
753 838
753 799
754 755
754 959
754 938
754 970
755 756
755 849
755 857
756 757
756 955
756 965
756 927
756 877
756 997
756 890
756 921
757 758
757 786
757 797
757 1000
757 941
757 886
757 921
757 877
758 759
758 832
758 948
758 815
758 770
758 899
758 801
759 760
759 827
760 761
760 779
760 781
760 978
761 762
761 965
761 821
761 797
761 775
762 763
762 943
762 871
762 785
763 764
763 941
764 765
764 997
764 775
764 972
764 924
764 818
764 842
765 766
765 817
765 803
765 929
765 843
765 967
766 767
766 796
766 975
766 823
766 901
766 861
766 980
767 768
767 826
767 774
767 947
767 912
767 925
767 913
768 769
768 910
768 861
768 941
768 857
768 864
769 770
769 876
769 829
769 792
769 958
769 921
769 951
769 922
769 897
770 771
770 793
770 809
770 858
770 828
770 774
771 772
771 962
771 985
771 906
771 884
771 834
772 773
772 833
772 859
772 997
772 883
773 774
773 836
773 970
773 790
773 959
773 809
773 936
774 775
774 954
774 779
774 942
774 973
774 946
774 917
774 924
775 776
775 829
775 870
775 939
775 968
776 777
776 905
776 902
776 984
776 779
777 778
777 985
777 917
777 962
777 789
777 782
777 849
778 779
778 856
778 851
778 873
778 928
778 789
779 780
779 924
779 909
779 837
779 941
779 839
779 825
779 781
779 899
780 781
780 953
780 925
780 896
781 782
781 831
781 995
781 790
782 783
782 927
782 948
782 916
782 832
782 957
783 784
783 808
783 803
783 867
783 952
783 998
784 785
784 930
784 844
784 981
784 982
784 973
784 945
784 937
785 786
785 847
785 808
785 954
786 787
786 847
786 805
786 945
786 811
787 788
787 910
787 921
787 866
788 789
788 878
788 795
788 855
788 926
789 790
789 952
789 959
789 857
790 791
790 906
790 994
790 942
790 821
790 932
790 920
790 828
790 961
790 955
791 792
791 812
791 940
791 848
791 997
791 798
791 908
791 894
791 920
791 878
792 793
792 845
792 938
792 867
792 812
793 794
793 999
793 971
793 909
793 947
793 913
793 804
793 959
794 795
794 931
795 796
795 986
795 893
795 904
795 963
795 817
795 948
795 815
795 976
795 886
796 797
796 905
796 984
796 973
797 798
797 852
797 884
797 880
797 803
797 802
797 828
798 799
798 940
798 856
798 942
799 800
799 853
799 868
799 842
799 959
799 967
800 801
800 998
800 934
800 945
800 833
800 916
800 931
801 802
801 926
801 973
801 976
801 817
801 850
802 803
802 831
802 879
802 966
803 804
803 952
803 882
803 902
803 888
803 885
803 887
803 829
803 873
804 805
804 894
804 864
804 819
804 883
805 806
805 982
805 830
805 942
805 964
805 976
806 807
806 861
806 855
806 899
806 986
807 808
807 855
807 853
807 950
807 885
808 809
808 915
808 977
808 982
809 810
809 893
809 984
809 968
809 881
810 811
810 821
810 889
810 839
810 832
811 812
811 945
811 963
811 901
811 909
811 948
812 813
812 950
812 961
812 938
812 939
812 849
813 814
813 882
813 841
813 830
813 839
813 925
813 985
814 815
814 903
814 847
814 921
814 882
814 962
815 816
815 865
815 885
816 817
816 853
816 975
816 961
816 872
816 890
817 818
817 862
817 930
817 844
817 868
817 994
817 943
817 832
817 997
817 954
818 819
818 997
818 995
818 922
818 886
819 820
819 958
819 839
819 973
819 832
819 943
819 937
820 821
820 832
820 969
820 979
820 848
820 881
820 852
820 876
820 844
821 822
821 920
821 941
821 879
821 884
822 823
822 929
822 890
823 824
823 878
823 860
823 931
823 974
823 865
823 826
823 874
824 825
824 838
824 933
824 871
824 915
825 826
825 827
825 847
825 999
826 827
826 922
826 941
827 828
827 966
827 965
827 858
828 829
828 890
828 960
828 941
828 926
828 883
828 858
829 830
829 967
829 964
829 856
829 848
829 998
830 831
830 850
830 911
830 999
831 832
831 922
831 855
832 833
832 920
832 914
832 841
832 1000
832 862
833 834
833 931
833 850
833 1000
833 966
834 835
834 844
834 958
834 904
834 970
834 931
835 836
835 904
835 919
835 982
835 927
835 881
836 837
836 930
836 971
836 983
836 838
837 838
837 922
837 857
838 839
838 925
838 958
838 995
838 959
838 944
839 840
839 954
839 881
839 950
839 907
839 977
839 948
840 841
840 908
840 879
840 913
840 997
841 842
841 923
841 927
841 998
841 892
841 984
842 843
842 896
842 958
842 934
842 956
843 844
843 875
843 886
843 939
843 879
843 956
843 917
844 845
844 968
844 918
844 936
844 881
844 983
844 955
844 912
844 950
845 846
845 963
845 933
845 987
845 931
845 858
845 891
845 892
846 847
846 869
846 983
846 861
846 955
847 848
847 884
847 895
848 849
848 947
848 997
848 866
848 900
848 873
848 994
849 850
849 900
849 922
849 890
849 872
849 871
849 907
850 851
850 921
850 994
850 973
850 958
850 916
851 852
851 955
851 874
851 907
851 970
852 853
852 923
852 949
852 967
852 926
852 910
853 854
853 866
853 902
853 887
853 934
853 986
853 957
853 994
854 855
854 894
854 940
854 869
854 965
854 882
854 972
854 935
854 975
855 856
855 926
855 974
855 883
855 904
855 977
855 871
856 857
856 914
856 916
856 969
857 858
857 962
857 886
857 895
857 978
857 917
857 861
858 859
858 880
858 879
858 934
859 860
859 911
859 930
859 870
859 937
859 941
859 958
860 861
860 927
860 868
860 953
860 902
860 881
861 862
861 880
861 878
861 950
861 968
862 863
862 899
862 955
862 934
862 917
863 864
863 900
863 952
863 959
863 955
863 954
863 972
864 865
864 1000
864 904
864 926
865 866
865 998
866 867
866 959
866 978
866 877
866 948
866 893
867 868
867 932
867 988
867 920
867 926
868 869
868 985
868 973
868 987
868 886
868 917
868 936
869 870
869 975
869 943
869 973
869 935
869 878
869 946
870 871
870 907
870 947
870 903
870 928
870 996
870 960
871 872
871 902
871 898
871 875
871 890
872 873
872 894
872 883
872 999
872 960
872 912
872 996
872 942
873 874
873 977
873 955
873 912
873 941
873 959
873 976
873 931
874 875
874 910
874 967
875 876
875 960
875 985
875 978
875 900
875 999
876 877
876 928
876 941
876 879
876 885
877 878
877 930
877 985
877 979
877 890
878 879
878 991
878 886
878 917
879 880
879 949
879 882
879 936
879 934
879 921
879 945
880 881
880 915
880 943
880 991
881 882
881 929
881 962
881 902
881 963
881 951
882 883
882 1000
882 948
882 950
882 939
882 891
882 911
882 941
882 964
882 919
883 884
883 963
883 924
883 919
883 912
883 965
883 933
884 885
884 943
884 968
884 994
884 958
885 886
885 890
885 953
885 951
885 947
885 983
885 965
885 895
885 984
886 887
886 905
886 903
886 982
886 965
886 938
887 888
887 985
887 995
887 987
887 948
887 979
888 889
888 892
888 952
888 938
888 922
888 983
889 890
889 977
889 980
889 929
890 891
891 892
891 956
891 943
891 911
891 981
892 893
892 898
892 979
892 933
892 894
892 950
892 915
893 894
893 925
893 964
893 903
893 912
893 917
894 895
894 912
894 993
894 914
894 901
894 906
894 963
894 945
895 896
895 953
895 938
895 977
895 900
895 903
896 897
896 964
896 900
896 998
896 962
896 925
897 898
897 992
897 909
897 907
897 989
897 967
897 922
897 923
898 899
898 978
898 934
898 962
898 961
898 988
898 958
898 991
898 921
898 954
899 900
899 987
899 977
899 965
899 955
899 932
899 922
900 901
900 964
900 905
900 916
900 956
900 975
900 934
900 940
901 902
901 975
901 945
901 906
902 903
902 922
902 905
902 915
902 913
902 986
902 994
902 985
903 904
903 957
903 958
903 939
903 922
903 941
903 983
903 992
904 905
904 923
905 906
905 973
905 995
905 977
906 907
906 963
906 943
906 991
906 930
906 935
906 999
906 998
907 908
907 922
907 984
907 936
907 960
907 940
907 926
908 909
908 954
908 977
908 982
908 931
909 910
909 965
909 982
910 911
910 991
910 953
910 995
910 994
910 944
910 976
910 984
911 912
911 976
911 947
911 935
911 977
911 946
912 913
912 922
912 996
912 945
912 993
912 969
912 955
912 931
913 914
913 995
913 959
913 972
913 956
913 926
913 921
914 915
914 948
914 993
914 933
915 916
915 979
915 955
915 928
915 961
916 917
916 954
916 934
916 968
916 936
916 931
916 994
917 918
917 943
917 962
917 926
917 977
917 991
917 959
917 986
917 954
918 919
918 978
918 923
918 998
918 935
918 952
918 971
919 920
919 984
919 949
919 940
919 927
919 992
920 921
920 951
920 965
920 996
920 939
920 986
920 941
920 983
920 929
920 960
921 922
921 982
921 945
921 954
921 965
921 974
921 959
922 923
922 947
922 969
922 933
922 952
923 924
923 986
923 947
923 987
923 926
924 925
924 945
924 977
924 993
924 941
924 931
924 981
924 964
925 926
925 965
925 950
925 949
925 969
926 927
926 972
926 960
926 979
926 976
926 993
926 980
926 944
926 950
927 928
927 947
927 969
927 937
928 929
928 970
928 979
929 930
929 931
929 999
929 943
929 968
929 942
929 962
930 931
930 987
930 979
930 974
930 958
930 988
930 996
930 977
930 992
930 935
930 962
931 932
931 969
931 996
931 962
931 965
931 951
931 992
931 985
931 983
931 984
932 933
932 978
932 984
933 934
933 970
934 935
934 941
934 983
934 997
934 977
934 963
934 945
934 956
935 936
935 958
935 970
935 949
935 943
935 950
936 937
937 938
937 997
937 952
937 982
937 988
937 996
938 939
938 954
938 974
938 958
938 969
938 966
938 994
938 951
938 985
939 940
939 948
939 976
939 947
940 941
940 942
940 983
940 999
940 949
940 964
941 942
941 988
941 970
941 982
941 994
941 945
942 943
942 965
942 957
942 950
942 993
942 960
943 944
943 956
943 962
943 986
943 954
943 951
943 964
943 947
943 945
943 958
944 945
944 972
944 987
944 948
944 964
944 952
945 946
945 984
945 960
945 969
946 947
946 989
946 953
946 990
946 980
946 949
946 954
947 948
947 977
947 954
947 981
947 969
948 949
948 967
948 955
948 950
948 971
948 982
948 962
948 981
948 958
948 995
949 950
949 952
949 988
949 985
950 951
950 975
950 980
950 984
950 952
950 972
951 952
951 989
951 1000
951 984
951 959
951 971
952 953
952 974
952 959
952 989
952 996
952 981
952 988
953 954
953 970
953 1000
953 973
953 981
953 959
954 955
954 978
954 959
955 956
955 1000
955 962
955 958
955 968
956 957
956 994
956 973
956 991
957 958
957 963
957 974
957 993
957 975
958 959
958 1000
958 964
958 991
958 986
958 993
958 995
958 960
959 960
959 987
959 997
959 978
959 979
959 999
959 998
960 961
960 977
960 985
961 962
961 977
961 990
961 984
962 963
962 984
962 972
962 970
962 978
962 992
962 996
963 964
963 985
963 981
963 971
963 993
964 965
964 971
964 974
964 970
964 993
964 995
964 986
964 983
964 981
965 966
965 983
965 979
965 982
965 969
966 967
966 971
966 990
966 984
966 983
966 1000
966 989
967 968
967 975
967 970
967 993
967 983
967 973
967 985
968 969
968 970
968 980
968 978
969 970
969 992
969 989
969 994
969 977
970 971
970 989
970 994
970 987
971 972
971 1000
971 983
971 990
972 973
972 992
972 998
972 988
972 997
972 979
972 977
972 983
972 976
973 974
973 986
973 980
973 977
973 992
973 994
973 993
974 975
974 996
974 999
974 978
974 993
974 976
974 991
975 976
975 988
975 981
975 989
975 979
975 982
975 990
975 999
976 977
976 984
976 995
976 982
976 988
976 991
976 994
976 981
976 1000
976 989
977 978
977 997
977 988
978 979
978 997
978 986
978 990
978 982
978 983
979 980
979 989
979 983
979 995
979 999
979 990
979 985
979 987
979 991
980 981
980 985
980 994
980 989
980 991
981 982
981 997
981 1000
982 983
982 993
982 990
982 991
982 996
982 1000
983 984
983 986
983 992
983 985
983 997
983 999
983 989
984 985
984 1000
984 990
985 986
985 989
985 1000
986 987
986 1000
986 990
986 997
986 992
987 988
987 993
987 992
987 991
987 989
987 995
987 998
987 997
988 989
988 994
988 997
989 990
989 993
989 994
990 991
990 997
990 993
990 996
990 999
991 992
991 995
992 993
992 998
992 994
992 996
992 995
993 994
993 997
993 999
993 996
994 995
994 997
994 998
994 999
994 1000
994 996
995 996
995 999
995 1000
995 997
996 997
996 998
996 1000
996 999
997 998
997 1000
997 999
998 999
998 1000
999 1000
