1 2
1 916
1 568
1 28
2 3
2 340
2 839
3 4
3 158
4 5
4 296
4 54
4 313
5 6
6 7
6 818
6 205
6 926
7 8
7 71
7 724
8 9
9 10
9 484
9 644
9 607
9 336
9 640
10 11
10 54
10 111
10 698
10 982
11 12
11 212
11 129
11 565
11 961
12 13
12 38
12 1000
12 839
12 68
13 14
13 177
13 705
14 15
14 184
14 167
15 16
15 635
16 17
16 528
16 685
16 273
16 586
16 725
17 18
17 531
17 971
17 143
18 19
19 20
19 941
20 21
20 78
21 22
21 669
21 761
22 23
22 252
22 528
23 24
23 696
24 25
24 190
24 233
25 26
25 384
25 571
25 794
26 27
26 409
26 329
27 28
27 878
28 29
28 60
28 628
29 30
29 811
29 751
29 528
30 31
31 32
31 90
31 287
31 962
31 245
32 33
33 34
33 280
33 294
33 164
33 837
34 35
34 384
34 92
34 923
35 36
35 348
36 37
36 271
37 38
37 925
38 39
38 530
38 252
38 717
39 40
39 878
40 41
41 42
41 270
41 820
41 610
41 796
42 43
42 209
42 432
42 190
43 44
43 139
43 180
44 45
44 109
44 643
44 996
45 46
45 727
46 47
46 906
46 971
46 894
47 48
47 293
47 265
47 235
48 49
48 932
48 450
49 50
49 381
49 505
49 917
50 51
50 261
50 172
50 703
50 809
50 239
50 870
50 772
51 52
51 282
51 891
51 67
51 81
52 53
52 564
52 743
53 54
53 374
54 55
54 379
54 719
55 56
56 57
56 67
56 138
56 235
57 58
57 689
58 59
58 211
58 435
58 536
58 599
58 237
59 60
60 61
60 73
60 747
61 62
61 861
61 542
61 828
61 417
62 63
62 186
62 500
63 64
63 850
63 810
64 65
65 66
66 67
66 868
66 472
67 68
67 191
67 974
67 907
68 69
68 288
68 715
68 102
69 70
69 891
70 71
71 72
71 254
72 73
72 778
72 646
73 74
73 156
74 75
74 248
75 76
75 604
75 820
75 779
75 595
76 77
76 438
76 339
76 250
77 78
78 79
78 965
78 630
78 848
78 556
79 80
79 868
79 107
79 507
80 81
81 82
81 888
81 164
82 83
82 306
82 739
82 212
82 239
83 84
84 85
84 109
84 455
85 86
85 106
85 858
85 353
86 87
86 273
86 285
86 316
87 88
87 998
87 263
87 113
87 535
88 89
88 430
88 489
88 459
88 517
89 90
89 142
89 518
89 431
89 585
89 132
90 91
90 516
91 92
91 317
91 636
91 614
92 93
92 753
92 194
93 94
93 203
93 212
93 549
93 540
93 992
94 95
94 783
94 560
95 96
95 266
95 299
96 97
96 387
96 252
96 142
97 98
97 168
98 99
98 720
98 972
99 100
100 101
101 102
101 404
102 103
102 223
102 709
102 475
102 919
103 104
103 728
104 105
104 444
104 501
104 675
104 668
105 106
105 688
105 196
105 107
105 703
106 107
106 303
107 108
108 109
108 291
109 110
109 436
109 832
110 111
110 421
110 630
111 112
111 961
111 347
112 113
112 298
112 705
113 114
113 897
113 400
114 115
114 354
114 827
115 116
115 411
116 117
116 894
117 118
117 517
118 119
118 316
118 561
118 239
118 433
119 120
120 121
120 546
120 263
120 690
121 122
121 611
121 929
122 123
123 124
123 990
123 233
123 859
124 125
124 833
124 258
124 158
125 126
126 127
126 353
126 880
126 958
127 128
128 129
128 456
129 130
129 227
129 877
129 539
129 872
130 131
130 927
130 987
130 373
130 470
130 586
131 132
131 689
131 588
131 662
131 777
132 133
132 634
132 567
133 134
133 941
134 135
135 136
136 137
136 695
136 594
137 138
137 877
137 581
137 204
138 139
138 698
139 140
140 141
140 183
140 503
141 142
141 560
141 195
141 796
142 143
142 608
142 381
142 323
143 144
143 764
144 145
145 146
145 437
145 720
146 147
146 750
146 770
146 158
147 148
147 998
147 555
147 662
148 149
148 290
148 289
148 839
148 917
148 961
149 150
149 993
149 365
149 397
150 151
150 584
151 152
151 265
151 680
152 153
152 752
152 714
152 371
153 154
153 466
153 881
153 834
154 155
155 156
155 833
155 787
156 157
156 356
156 855
156 943
156 590
157 158
157 923
157 440
158 159
158 178
159 160
159 811
160 161
160 772
160 304
160 807
160 911
160 360
161 162
161 901
161 250
161 322
161 635
162 163
162 1000
163 164
163 409
163 671
164 165
164 968
164 693
164 237
165 166
165 293
165 351
166 167
166 428
167 168
167 423
167 206
168 169
168 780
168 807
169 170
169 203
169 297
169 494
170 171
171 172
171 392
171 496
171 994
172 173
172 281
173 174
173 606
173 675
174 175
174 511
175 176
175 200
175 667
175 224
175 904
176 177
176 766
176 432
176 441
176 690
177 178
177 992
178 179
178 976
178 492
179 180
179 338
179 748
179 728
179 890
179 298
180 181
180 214
180 954
181 182
181 951
181 312
181 572
181 925
182 183
182 711
182 895
183 184
183 327
183 723
184 185
184 676
184 438
184 660
185 186
185 514
185 299
185 565
186 187
186 555
187 188
187 609
188 189
188 306
188 665
188 946
189 190
189 992
190 191
190 326
190 600
190 522
190 304
191 192
191 756
191 763
191 201
191 436
192 193
192 935
193 194
193 954
194 195
194 335
194 664
195 196
195 678
195 616
196 197
196 446
196 506
197 198
197 385
197 217
198 199
198 560
198 566
198 992
198 615
199 200
199 969
199 917
199 351
199 855
200 201
201 202
201 788
202 203
202 314
202 301
202 894
203 204
203 846
204 205
204 651
204 404
204 929
204 900
204 237
205 206
205 735
205 959
205 718
206 207
206 909
206 939
206 302
207 208
207 942
208 209
208 615
208 689
209 210
209 523
209 264
209 968
209 802
210 211
210 634
210 871
211 212
211 851
211 543
212 213
212 595
212 735
213 214
214 215
215 216
216 217
216 658
216 373
216 626
217 218
217 928
217 989
217 397
218 219
218 543
218 378
218 916
218 291
219 220
219 285
219 887
220 221
220 850
220 615
220 805
221 222
221 378
222 223
222 658
222 405
222 604
223 224
224 225
224 998
224 307
224 436
224 317
224 647
225 226
225 627
225 992
225 302
226 227
226 551
226 283
227 228
227 356
228 229
228 903
228 489
228 392
229 230
229 839
230 231
230 472
231 232
231 918
231 848
231 656
231 247
231 598
231 982
232 233
233 234
234 235
235 236
236 237
236 603
236 550
236 638
237 238
237 858
237 646
237 879
237 465
238 239
238 758
238 686
239 240
239 600
239 966
240 241
240 609
240 833
241 242
241 894
241 730
241 363
242 243
242 926
243 244
243 438
243 843
244 245
244 942
245 246
245 440
245 252
246 247
246 870
246 635
247 248
247 550
247 682
248 249
248 316
248 365
249 250
249 416
250 251
250 839
250 867
250 591
250 509
251 252
251 297
251 593
252 253
253 254
253 833
253 325
253 299
254 255
254 738
255 256
255 529
255 446
255 795
255 572
256 257
256 680
256 904
257 258
257 298
257 410
257 937
258 259
258 943
258 959
259 260
259 649
259 961
259 471
259 635
259 970
260 261
260 675
261 262
261 562
261 332
261 970
262 263
262 877
262 651
263 264
263 476
263 367
264 265
264 843
264 693
265 266
265 469
265 767
266 267
266 919
266 728
266 687
267 268
267 753
267 538
267 922
267 832
268 269
268 904
268 805
268 783
269 270
269 354
269 324
270 271
270 634
270 452
271 272
271 721
271 481
272 273
272 800
272 964
273 274
273 717
273 783
273 922
274 275
274 333
274 323
275 276
275 330
275 531
276 277
277 278
278 279
278 449
278 644
278 463
279 280
279 405
279 341
280 281
280 953
280 596
280 383
280 736
281 282
281 640
281 677
281 584
282 283
282 588
282 710
282 728
283 284
283 419
283 331
284 285
285 286
285 987
285 454
285 298
286 287
286 940
286 736
287 288
287 440
288 289
288 508
289 290
289 528
290 291
290 407
291 292
292 293
292 889
292 693
292 923
293 294
293 979
293 954
294 295
295 296
296 297
296 782
296 823
297 298
297 885
298 299
298 921
298 694
298 914
298 359
299 300
299 610
299 351
299 331
299 804
300 301
300 650
300 412
300 830
301 302
301 306
302 303
302 928
302 763
303 304
303 339
304 305
304 638
305 306
305 896
306 307
306 768
306 838
306 552
307 308
307 388
307 957
308 309
308 716
308 699
309 310
310 311
310 918
311 312
311 921
311 874
311 628
311 975
312 313
312 449
312 516
313 314
313 778
313 457
313 524
314 315
314 545
315 316
315 834
315 616
315 564
315 508
316 317
316 540
316 367
316 881
317 318
317 367
317 553
318 319
318 671
318 861
318 882
318 327
319 320
319 928
319 542
320 321
320 956
320 592
321 322
321 650
321 431
322 323
322 324
322 636
322 995
323 324
323 353
323 653
323 662
323 943
323 380
324 325
324 544
325 326
326 327
326 1000
326 537
326 440
327 328
327 959
327 547
328 329
328 530
328 506
328 905
329 330
329 949
329 982
330 331
330 564
331 332
332 333
332 478
333 334
333 896
333 976
333 746
333 640
333 414
333 547
334 335
334 546
334 483
335 336
336 337
336 496
336 733
336 365
337 338
337 476
338 339
338 958
338 412
338 573
339 340
340 341
340 352
340 481
340 758
340 453
341 342
341 362
341 850
341 785
341 564
341 530
342 343
342 862
342 464
343 344
343 423
343 903
344 345
344 360
344 959
344 634
345 346
345 845
345 814
345 389
346 347
346 466
346 659
346 522
347 348
348 349
348 586
348 643
349 350
349 710
349 390
349 409
349 580
349 839
350 351
350 886
350 608
350 621
351 352
351 749
351 864
352 353
352 736
352 577
352 492
353 354
353 523
353 450
354 355
354 632
355 356
355 585
356 357
356 710
356 987
356 544
356 458
357 358
357 638
357 809
358 359
359 360
360 361
361 362
362 363
363 364
363 729
364 365
364 505
364 887
365 366
365 583
365 747
365 760
366 367
366 497
366 771
367 368
367 967
367 693
367 622
367 962
368 369
368 466
368 392
368 752
369 370
370 371
370 739
371 372
371 691
371 632
372 373
373 374
373 823
374 375
374 857
374 907
374 829
375 376
375 675
375 809
376 377
376 976
376 592
376 975
376 438
377 378
378 379
379 380
379 587
379 844
379 438
379 500
379 510
380 381
380 455
380 966
381 382
381 584
382 383
382 828
382 994
383 384
383 838
383 635
383 795
384 385
384 885
384 996
385 386
385 769
386 387
386 572
386 435
386 793
387 388
387 484
387 797
388 389
388 809
388 560
389 390
389 915
389 749
390 391
390 968
391 392
391 705
392 393
392 875
393 394
394 395
394 503
394 800
394 982
395 396
395 964
395 971
396 397
396 788
397 398
397 496
397 665
398 399
398 707
398 993
399 400
400 401
400 696
401 402
401 619
402 403
402 566
403 404
403 759
403 753
403 903
403 802
404 405
404 934
404 854
404 694
404 688
404 852
405 406
405 980
406 407
407 408
407 572
407 629
408 409
408 897
408 933
409 410
409 549
409 553
409 792
410 411
410 751
410 786
411 412
411 570
411 701
412 413
413 414
413 493
413 883
414 415
415 416
415 495
416 417
416 972
416 798
417 418
417 618
418 419
418 420
419 420
419 715
419 938
419 725
419 512
419 730
420 421
421 422
421 873
421 892
421 490
422 423
423 424
423 822
423 487
423 481
424 425
424 725
424 495
425 426
425 656
425 728
426 427
426 566
426 743
427 428
427 546
427 849
427 631
428 429
428 790
428 517
429 430
429 629
430 431
430 859
430 959
431 432
431 975
431 524
431 689
431 977
432 433
432 960
432 580
432 477
433 434
434 435
434 984
434 860
435 436
435 887
435 581
435 662
435 897
436 437
436 746
437 438
437 476
437 936
437 568
438 439
438 570
438 945
438 527
438 924
439 440
439 721
439 576
439 803
440 441
440 955
441 442
441 694
442 443
442 895
442 933
443 444
444 445
444 852
444 919
444 713
444 772
445 446
445 601
445 767
445 892
446 447
446 686
446 808
446 706
447 448
447 565
447 613
447 990
448 449
449 450
449 982
449 863
450 451
450 815
450 826
451 452
451 911
451 512
452 453
452 799
452 983
453 454
453 521
453 755
453 572
453 625
454 455
455 456
455 915
456 457
456 993
456 945
457 458
457 883
457 677
458 459
459 460
459 519
460 461
460 583
460 698
461 462
461 552
462 463
462 806
462 982
462 518
462 539
463 464
463 872
463 986
464 465
465 466
465 695
465 773
466 467
466 669
466 759
467 468
467 629
467 610
467 712
467 576
467 537
468 469
468 520
469 470
470 471
470 476
470 978
471 472
471 808
471 834
472 473
472 643
473 474
473 781
473 599
474 475
474 527
475 476
475 552
475 725
475 982
475 533
476 477
477 478
477 742
477 621
477 890
478 479
478 916
479 480
479 576
479 910
479 991
480 481
480 785
480 484
481 482
481 814
481 705
482 483
482 789
482 820
482 536
483 484
483 656
483 745
483 635
484 485
484 812
484 578
484 621
485 486
485 843
485 728
486 487
486 775
486 594
486 703
487 488
487 592
488 489
488 826
488 863
488 876
488 951
489 490
489 987
489 597
489 919
490 491
491 492
491 521
492 493
492 571
493 494
493 512
493 948
493 658
493 722
493 705
493 929
494 495
495 496
495 758
495 977
496 497
496 586
496 899
497 498
498 499
498 556
498 858
499 500
499 896
500 501
500 926
500 635
500 689
501 502
502 503
502 589
502 917
503 504
503 869
504 505
504 673
504 700
504 740
505 506
505 674
505 902
505 797
505 648
505 533
506 507
507 508
507 793
507 850
507 705
508 509
508 977
508 742
508 709
509 510
509 981
510 511
511 512
511 676
511 666
511 828
511 639
512 513
512 788
512 702
513 514
513 532
513 946
514 515
514 592
514 650
514 584
514 724
514 931
515 516
515 866
516 517
516 970
516 546
516 853
516 786
517 518
517 638
517 604
518 519
518 906
518 785
519 520
519 877
519 828
519 790
520 521
520 587
520 948
521 522
521 749
521 897
522 523
522 648
523 524
524 525
524 969
525 526
525 780
526 527
526 827
527 528
527 713
527 702
527 582
527 810
527 680
527 880
528 529
528 857
529 530
530 531
531 532
531 801
531 789
531 674
532 533
532 925
532 857
532 678
532 785
533 534
533 766
534 535
534 998
534 883
535 536
535 729
535 886
536 537
536 991
537 538
538 539
538 965
538 686
539 540
539 926
540 541
540 735
540 550
540 638
540 937
541 542
541 908
542 543
542 556
542 896
543 544
543 929
543 731
544 545
544 547
545 546
546 547
546 789
546 766
547 548
548 549
548 919
548 756
548 602
548 897
549 550
549 665
549 881
550 551
550 996
551 552
551 716
551 634
551 740
552 553
553 554
553 928
553 886
553 996
554 555
554 731
555 556
555 774
555 561
556 557
556 886
556 695
557 558
557 948
558 559
558 909
559 560
559 597
559 897
560 561
560 969
560 824
561 562
561 671
561 585
561 594
561 854
561 954
562 563
562 998
563 564
563 740
563 717
564 565
564 802
565 566
565 858
566 567
566 692
566 794
567 568
567 877
567 736
567 948
568 569
568 617
568 849
569 570
569 773
569 596
569 678
569 706
570 571
570 807
571 572
572 573
572 814
572 793
573 574
573 870
574 575
574 920
574 861
575 576
576 577
576 852
577 578
577 678
577 993
577 671
578 579
578 820
579 580
579 789
579 704
579 862
580 581
580 892
580 771
580 849
580 975
581 582
581 951
581 752
581 850
582 583
583 584
583 864
583 825
584 585
584 784
584 787
585 586
585 782
585 622
585 996
585 610
586 587
586 955
586 709
586 907
586 999
587 588
587 833
587 960
588 589
588 868
588 782
588 680
589 590
590 591
590 737
591 592
592 593
592 856
593 594
593 819
593 603
593 960
594 595
594 996
594 600
594 888
594 598
594 738
594 898
595 596
595 783
595 758
596 597
596 834
596 724
596 759
597 598
597 969
598 599
599 600
599 840
600 601
600 922
600 634
601 602
601 934
602 603
603 604
603 665
603 688
603 777
603 959
604 605
604 833
604 715
604 683
605 606
605 929
605 702
606 607
606 956
606 937
607 608
607 681
608 609
608 624
609 610
609 928
610 611
610 968
611 612
611 703
611 818
612 613
613 614
613 901
613 794
614 615
614 859
614 892
614 878
614 985
614 806
615 616
615 853
615 897
615 891
616 617
616 950
617 618
617 797
618 619
618 898
618 799
618 787
619 620
619 774
619 914
619 710
620 621
620 739
620 684
620 937
621 622
621 654
621 896
622 623
623 624
624 625
624 742
624 782
625 626
625 666
625 710
625 913
626 627
626 939
627 628
627 678
627 916
628 629
628 729
628 889
629 630
629 832
629 684
629 825
629 671
630 631
630 820
630 685
630 780
630 765
631 632
631 928
632 633
632 634
632 723
632 865
632 736
633 634
633 796
633 856
633 725
634 635
634 900
634 775
635 636
635 787
635 853
636 637
636 734
637 638
637 799
637 879
637 993
638 639
638 943
638 647
638 816
638 711
638 872
639 640
639 648
639 879
640 641
641 642
641 712
642 643
643 644
643 695
644 645
644 923
644 742
645 646
645 936
645 927
646 647
646 790
647 648
648 649
648 971
649 650
649 767
650 651
651 652
651 707
651 899
652 653
653 654
653 792
653 908
653 916
654 655
654 879
654 664
655 656
655 992
655 685
656 657
657 658
658 659
658 913
658 880
658 998
659 660
659 869
659 714
659 731
660 661
660 938
661 662
661 897
661 965
662 663
662 727
662 880
663 664
663 929
663 872
664 665
664 741
665 666
665 725
665 761
666 667
666 742
666 941
666 891
667 668
667 731
667 977
668 669
668 738
668 855
668 671
669 670
669 953
669 769
669 871
669 737
670 671
670 717
671 672
671 930
672 673
672 875
672 782
672 899
673 674
673 934
673 745
674 675
674 706
674 936
675 676
675 963
676 677
676 919
677 678
677 922
678 679
678 924
678 848
679 680
679 837
679 927
679 777
679 934
680 681
680 894
681 682
682 683
682 777
683 684
683 772
683 892
683 715
684 685
684 783
684 785
684 872
684 980
684 703
685 686
686 687
686 850
686 761
687 688
687 915
687 834
687 818
688 689
688 835
689 690
689 802
690 691
690 876
690 898
691 692
692 693
692 750
693 694
694 695
694 896
694 735
694 891
695 696
695 867
696 697
696 734
696 811
696 894
696 980
696 884
696 943
696 867
697 698
698 699
698 857
698 983
698 812
698 883
699 700
699 962
700 701
700 876
700 814
701 702
701 770
702 703
702 777
703 704
703 793
703 893
703 713
704 705
704 933
705 706
706 707
706 734
706 972
706 942
707 708
707 957
707 737
708 709
708 841
708 742
709 710
709 890
709 792
709 954
710 711
710 902
710 816
711 712
711 732
711 748
711 777
712 713
712 862
713 714
713 954
713 862
713 894
714 715
714 723
715 716
715 760
715 927
715 830
716 717
716 905
716 758
717 718
717 857
717 833
718 719
718 938
718 757
718 767
719 720
719 963
719 914
720 721
720 932
720 782
721 722
721 992
721 893
721 949
722 723
722 921
722 782
722 856
723 724
724 725
724 790
725 726
725 861
726 727
726 885
727 728
727 879
728 729
728 976
729 730
730 731
730 839
730 944
730 768
731 732
731 847
731 946
732 733
732 957
733 734
733 737
734 735
735 736
735 866
735 792
736 737
736 981
737 738
737 866
737 915
738 739
738 775
739 740
739 770
739 840
740 741
741 742
741 825
741 817
742 743
742 841
742 748
743 744
744 745
744 966
744 905
744 790
745 746
745 803
745 840
746 747
747 748
748 749
748 789
748 981
748 954
749 750
749 774
749 871
749 937
750 751
751 752
751 910
751 895
751 987
751 764
752 753
752 856
753 754
753 913
753 802
753 893
753 807
754 755
754 965
754 864
754 817
754 772
755 756
756 757
756 968
756 922
757 758
757 801
757 868
757 991
757 942
757 805
757 796
757 787
758 759
759 760
759 963
760 761
760 763
761 762
761 876
761 973
762 763
762 790
762 811
763 764
763 975
763 824
764 765
764 999
764 863
764 940
765 766
765 802
766 767
766 933
766 843
766 771
767 768
768 769
768 819
768 789
768 963
768 823
769 770
770 771
770 840
770 881
771 772
771 795
771 903
772 773
772 974
773 774
773 982
774 775
775 776
775 816
775 935
776 777
776 910
776 894
776 840
777 778
777 806
778 779
778 932
779 780
779 926
779 929
780 781
781 782
782 783
783 784
783 900
783 802
783 810
784 785
784 920
785 786
785 810
785 889
785 897
786 787
786 968
786 983
787 788
787 907
787 905
787 843
788 789
789 790
789 877
789 906
790 791
790 942
791 792
791 967
791 939
792 793
792 992
793 794
794 795
794 814
794 866
795 796
795 894
795 804
796 797
796 872
797 798
798 799
798 992
798 907
799 800
799 982
799 951
800 801
800 922
800 943
800 932
801 802
801 902
801 931
801 1000
802 803
802 934
803 804
803 971
803 878
803 886
804 805
804 980
804 876
805 806
805 920
805 857
805 895
805 977
806 807
806 871
806 861
807 808
807 892
808 809
808 926
808 851
809 810
809 858
809 919
809 816
810 811
810 968
810 870
811 812
811 885
812 813
812 912
812 948
812 970
813 814
813 916
814 815
814 915
815 816
815 849
816 817
816 992
816 849
816 825
816 952
816 954
817 818
817 1000
818 819
818 853
818 901
818 948
819 820
819 832
820 821
820 919
820 966
820 824
821 822
821 914
821 937
821 958
822 823
822 884
822 933
822 846
823 824
823 901
823 941
823 846
823 979
823 961
824 825
824 861
824 904
824 1000
825 826
825 855
825 835
825 847
826 827
826 879
826 953
826 877
827 828
827 1000
827 907
828 829
828 887
828 934
829 830
829 992
829 845
830 831
830 869
830 986
831 832
831 932
832 833
832 846
832 849
832 963
833 834
833 883
833 936
833 978
834 835
834 851
835 836
836 837
836 902
836 894
836 847
837 838
837 941
837 863
838 839
839 840
839 963
839 904
840 841
840 915
840 854
840 857
841 842
841 978
841 929
841 847
841 853
842 843
842 991
842 984
842 913
843 844
843 901
843 963
843 982
843 930
843 927
844 845
844 967
845 846
845 879
845 851
845 998
845 930
846 847
846 856
846 982
847 848
847 939
848 849
848 926
848 899
849 850
849 905
849 882
849 970
850 851
850 964
851 852
851 872
851 942
852 853
852 881
852 863
852 913
853 854
853 911
854 855
855 856
856 857
856 875
856 880
856 986
856 876
857 858
857 911
857 939
858 859
858 898
858 909
859 860
860 861
860 889
860 986
861 862
861 904
861 884
861 914
862 863
862 894
862 955
863 864
863 921
863 876
863 987
863 866
864 865
865 866
865 947
865 961
865 887
866 867
866 975
867 868
867 981
868 869
868 990
868 959
869 870
869 935
869 908
870 871
870 919
870 952
870 873
870 885
870 930
871 872
871 975
871 942
872 873
872 900
872 979
873 874
873 897
873 892
873 989
874 875
874 936
874 879
874 977
874 922
874 887
874 881
875 876
875 926
875 976
876 877
876 965
877 878
877 926
877 937
877 980
877 972
878 879
878 885
878 944
878 997
879 880
879 913
879 918
879 919
879 960
880 881
881 882
881 1000
882 883
882 939
882 964
883 884
883 920
883 979
884 885
884 921
884 951
884 891
884 996
885 886
885 973
885 928
885 930
885 937
885 970
886 887
886 911
886 996
887 888
887 900
888 889
888 955
889 890
889 968
890 891
890 931
890 976
891 892
891 902
891 918
891 900
891 1000
892 893
892 982
892 922
892 969
892 934
892 984
893 894
893 950
893 921
894 895
894 955
895 896
895 901
896 897
896 927
897 898
897 913
897 988
898 899
898 997
898 915
899 900
899 925
900 901
900 956
900 967
900 934
901 902
901 995
901 969
901 916
902 903
902 920
902 951
903 904
903 921
904 905
904 942
904 907
904 940
904 988
905 906
905 982
906 907
906 915
906 969
907 908
907 942
907 985
908 909
908 963
908 994
908 938
909 910
909 911
910 911
910 976
910 929
911 912
911 981
911 997
911 945
911 965
911 935
912 913
913 914
913 960
913 936
914 915
914 967
915 916
915 981
915 977
915 955
915 951
916 917
916 934
916 991
916 967
916 927
916 975
917 918
917 969
917 946
918 919
918 983
918 977
918 924
918 931
919 920
919 925
919 924
919 975
920 921
920 973
920 950
920 968
920 948
921 922
921 925
921 993
921 984
921 982
921 980
921 987
922 923
923 924
923 943
924 925
924 956
925 926
926 927
926 948
927 928
927 945
928 929
928 995
928 931
928 935
929 930
929 941
929 940
929 981
930 931
930 991
930 999
931 932
931 961
932 933
932 970
932 951
933 934
933 989
933 964
933 960
933 992
933 970
933 963
934 935
934 1000
935 936
935 991
936 937
936 955
936 964
936 996
936 993
937 938
937 962
937 940
937 952
938 939
938 944
938 971
938 981
939 940
940 941
940 988
941 942
941 982
941 987
942 943
942 946
942 990
942 994
943 944
943 977
944 945
944 968
945 946
945 959
945 979
946 947
946 998
947 948
948 949
948 951
948 981
949 950
949 975
949 959
950 951
950 970
950 971
951 952
951 993
951 976
952 953
952 975
952 984
953 954
954 955
954 977
954 981
955 956
956 957
956 978
956 976
957 958
957 974
958 959
958 1000
958 969
959 960
959 976
960 961
960 990
960 995
961 962
961 989
962 963
962 986
963 964
963 992
963 971
964 965
964 981
964 972
965 966
966 967
966 981
966 968
966 974
967 968
967 990
968 969
968 982
968 973
968 997
968 996
968 983
969 970
969 996
970 971
970 973
971 972
971 976
971 973
972 973
972 999
972 984
972 979
972 985
973 974
973 997
974 975
974 977
975 976
976 977
976 999
976 991
977 978
977 995
978 979
978 984
978 985
979 980
980 981
980 992
980 989
981 982
981 999
982 983
982 997
982 994
983 984
983 989
984 985
984 999
984 993
984 988
985 986
985 992
986 987
987 988
987 993
988 989
988 996
988 1000
988 992
989 990
989 998
990 991
990 997
990 994
990 998
990 996
991 992
991 996
991 999
992 993
992 1000
992 996
992 998
993 994
994 995
994 998
994 999
995 996
995 1000
995 997
995 999
996 997
996 998
996 999
996 1000
997 998
997 999
998 999
999 1000
