1 2
2 3
4 3
5 4
5 6
6 7
8 4670
9 10
10 9
11 12
12 13
13 2604
13 3733
14 2605
15 16
16 17
16 3734
17 16
18 19
18 3735
19 20
20 2606
20 3736
21 22
22 3738
24 23
24 3739
26 27
28 3740
29 2607
30 31
31 32
33 4672
34 33
35 34
35 36
36 37
37 38
39 40
40 41
41 3741
42 43
45 3742
45 4674
46 45
47 46
47 3743
49 3744
51 50
52 4675
53 52
54 55
55 56
56 3745
57 56
58 59
58 3746
59 58
60 3747
61 62
62 3748
63 64
64 65
65 66
66 67
67 68
68 69
69 70
70 3749
71 70
72 73
72 3750
73 72
74 75
75 76
76 3751
77 76
78 3752
79 78
80 81
81 82
82 2617
84 83
84 3753
85 86
86 87
87 88
88 89
89 3754
90 91
91 4676
92 93
93 92
94 3756
95 94
96 97
96 3757
97 98
98 3758
99 100
100 101
101 3759
102 103
103 104
103 3760
104 105
105 3761
106 107
107 106
107 108
108 109
109 110
112 113
113 114
114 115
115 116
116 2623
116 3763
117 118
118 117
119 2624
119 3764
120 121
121 3765
122 123
123 3766
124 125
125 3767
126 2625
127 128
128 2626
129 130
130 131
131 4677
132 133
133 132
133 3768
134 135
135 3769
136 137
137 138
137 3770
138 139
139 140
139 4678
140 141
141 142
141 3771
142 143
143 144
145 146
145 3772
146 147
147 148
148 149
149 150
149 2630
150 151
151 152
152 153
153 2632
154 155
155 156
156 157
157 158
158 159
158 2635
159 160
160 161
161 162
162 163
163 164
164 165
165 166
166 167
167 168
168 169
168 2639
169 170
170 171
171 172
172 173
172 2641
173 174
174 175
174 2642
175 176
176 177
176 2644
177 178
178 179
179 180
180 181
181 182
182 183
182 2647
183 184
184 185
185 186
186 187
187 188
188 189
189 190
190 191
190 2650
191 192
192 193
192 2651
193 194
194 206
195 196
196 197
196 199
197 198
198 205
199 200
200 201
201 207
202 203
203 204
205 194
206 196
207 208
208 202
208 209
209 210
210 211
211 212
212 213
212 2655
213 214
214 215
215 216
216 217
216 2657
217 218
218 219
218 2658
219 220
220 221
221 222
222 223
223 224
224 225
225 226
226 227
227 228
228 229
229 230
230 231
231 232
232 233
233 234
234 235
234 239
235 236
237 238
238 234
239 240
240 241
241 242
242 243
242 2665
243 244
244 245
245 246
246 247
247 248
248 249
249 250
250 3825
251 250
252 3826
253 252
254 255
255 256
256 2670
256 3827
257 256
258 259
258 3828
259 260
260 261
261 262
262 263
262 2671
263 264
264 265
264 3829
265 266
266 267
266 3830
267 2672
269 2672
270 3832
271 272
272 273
273 274
273 2674
274 275
275 276
275 3833
276 275
277 278
277 4703
278 277
279 280
279 2675
280 281
281 282
281 2676
282 283
283 284
284 285
285 286
286 287
286 2679
287 288
288 289
289 290
290 3834
291 292
292 293
293 294
294 3835
295 296
296 297
296 4704
297 298
298 299
299 300
300 301
301 4705
302 303
303 302
303 304
306 307
306 4707
307 308
308 309
309 310
310 311
310 4708
314 315
315 316
315 3837
316 315
317 4709
318 319
319 318
320 3839
321 320
322 4710
323 324
324 3840
325 326
326 3841
327 328
328 329
329 330
331 332
331 3843
332 331
333 3844
334 333
335 334
335 3845
336 335
337 3846
338 337
339 3847
340 339
341 3848
342 341
343 342
343 3849
344 345
345 344
346 3850
347 346
348 347
348 3851
349 348
350 349
350 3852
352 351
352 353
353 352
354 4712
355 354
356 355
356 3854
357 356
358 3855
359 358
360 361
360 4713
361 360
362 4714
363 362
364 363
364 4715
365 364
366 3856
367 366
368 367
368 4716
369 368
370 369
370 3857
371 370
372 373
372 2689
373 374
374 3858
375 376
376 377
376 4717
377 378
378 3859
379 380
380 3860
381 382
382 381
383 384
383 3861
384 385
385 383
386 3862
388 387
389 3864
390 391
391 3865
392 393
393 394
394 395
394 2691
395 396
396 397
396 3866
397 398
398 3867
400 399
401 402
401 3868
402 403
403 404
404 405
405 3869
406 407
407 406
407 3870
408 409
409 410
410 411
411 412
412 413
413 414
413 2696
415 416
416 417
417 2697
418 4720
419 422
420 419
422 423
423 424
425 426
426 427
427 426
428 3873
429 428
430 431
430 2699
431 432
432 433
433 434
434 435
435 436
437 3875
437 4721
438 437
439 3876
441 3877
443 444
443 4722
445 446
445 3878
446 447
447 3879
448 447
449 4723
450 449
451 450
451 3880
452 451
453 454
453 3881
454 455
455 2704
457 3882
458 457
459 460
460 461
461 3883
461 4724
462 461
463 464
464 465
465 4725
467 468
468 469
469 2707
469 3884
471 472
472 473
473 2708
473 4726
475 476
475 3885
477 478
477 3886
479 480
479 3887
481 482
482 483
483 3888
485 484
486 487
487 488
488 4728
489 490
490 491
491 492
492 2711
493 494
493 3889
494 495
495 493
496 3890
497 496
498 499
499 500
499 3891
500 499
501 3892
502 501
503 504
503 4730
504 503
505 4731
506 505
507 506
507 508
508 509
509 510
510 511
511 512
511 2714
512 513
513 514
513 2715
514 515
515 3893
516 517
517 516
517 3894
518 519
519 520
519 3895
520 521
521 522
521 3896
522 523
523 3897
524 525
525 524
526 3898
527 4732
528 527
529 528
529 530
530 531
531 532
532 533
533 4733
534 533
535 534
535 536
536 537
537 4734
538 537
539 3899
540 539
541 4735
542 541
543 3900
544 543
545 546
546 547
547 2720
547 4736
548 549
549 548
549 4737
550 551
551 552
552 4738
553 552
554 553
554 4739
555 554
556 557
556 4740
557 558
558 559
558 2722
559 560
560 561
560 2723
561 562
562 3901
564 563
565 4741
566 3903
567 566
568 569
568 3904
569 568
570 571
571 572
572 573
572 2724
573 574
574 575
575 576
576 577
577 578
578 579
579 580
580 581
581 582
582 583
582 4742
583 582
584 585
584 2730
585 586
586 587
586 2731
587 588
588 3905
589 590
590 3906
591 592
592 3907
593 594
594 595
595 596
596 597
596 3908
597 598
598 599
598 2733
599 600
600 4743
601 602
602 601
603 604
604 603
605 606
605 2734
606 607
607 608
607 4744
608 607
609 610
609 2735
610 611
611 4745
612 611
613 614
614 615
615 616
615 3909
616 615
617 3910
618 617
619 3911
620 619
621 622
621 2737
622 623
623 3912
624 623
625 624
625 3913
626 625
627 628
628 629
629 3914
630 629
631 3915
632 631
633 634
634 635
635 2739
635 3916
636 637
637 636
637 638
638 639
639 3917
640 641
641 642
641 3918
642 643
643 644
644 645
645 646
645 3919
646 647
647 648
647 2742
648 649
649 3920
650 651
651 650
651 652
652 653
653 654
654 655
655 656
656 657
658 3922
659 658
660 659
660 3923
661 660
662 663
662 2746
663 664
664 665
664 2747
665 666
666 667
666 2748
667 668
668 669
668 3924
669 670
670 671
670 2749
671 672
673 674
674 675
675 3925
676 675
677 676
677 4747
678 677
679 3926
680 679
681 682
682 683
683 684
684 685
685 686
685 2753
686 687
687 688
688 3927
689 690
689 3928
690 689
691 3929
692 691
693 692
693 4748
694 693
695 694
695 3930
697 698
698 699
699 3932
700 701
701 700
701 3933
702 703
703 704
703 3934
704 705
705 706
706 707
707 3935
708 709
709 710
710 3937
710 4749
711 710
712 711
712 3938
714 715
717 4751
718 717
719 4752
720 719
721 720
721 722
722 723
723 724
724 725
725 2759
725 3939
726 725
727 728
728 729
729 730
729 2760
730 731
731 2761
731 4753
732 731
733 3940
734 733
735 736
736 737
737 4754
738 737
739 740
739 3941
740 741
741 742
741 4755
743 3942
745 3943
747 746
748 749
749 750
750 751
750 2764
751 752
752 753
753 754
754 755
755 756
756 757
757 758
757 3945
758 759
759 760
760 761
761 3946
762 763
763 3947
764 765
765 764
765 3948
766 767
767 768
767 2770
768 769
769 3949
770 771
771 772
772 773
773 774
774 2772
776 775
778 777
778 779
779 780
780 781
781 782
781 2775
782 783
783 784
783 2776
784 785
785 786
785 3950
786 785
787 3951
788 787
789 788
789 3952
790 789
791 3953
792 791
793 794
794 795
795 3954
797 796
798 4757
799 798
800 799
800 801
801 802
802 803
802 2779
803 804
804 805
804 4758
805 804
806 807
807 808
808 809
809 810
810 811
811 812
813 3956
814 815
815 3957
816 2783
817 818
818 3958
819 818
820 819
820 4759
821 820
822 4760
823 822
824 825
824 3959
825 824
826 827
826 3960
827 826
828 3961
829 828
830 829
830 3962
831 830
832 3963
833 832
834 835
835 836
836 2784
836 4761
837 838
838 3964
839 840
840 839
840 3965
841 842
842 843
842 3966
843 844
844 845
845 846
846 847
847 848
848 849
851 852
851 2788
852 853
853 854
854 855
854 4762
855 856
856 857
857 856
859 858
859 3968
860 859
861 860
861 3969
862 861
863 862
863 4763
864 863
865 866
866 867
867 2789
867 3970
868 867
869 3971
870 869
871 872
871 3972
872 873
873 874
873 3973
875 3974
877 3975
879 4764
880 881
881 882
882 883
882 3976
883 882
884 3977
884 4765
885 884
886 887
887 888
888 889
889 890
890 891
890 3978
892 893
892 2794
893 894
894 3979
896 895
897 898
898 899
900 3980
901 900
902 903
902 3981
903 902
904 3982
905 904
906 907
906 2796
907 908
908 909
908 2797
909 910
910 911
911 912
912 2798
912 4766
913 912
914 915
915 916
916 917
917 918
918 2800
918 3983
919 2801
920 921
921 3984
922 921
923 924
924 925
925 926
926 927
928 3987
929 930
930 2804
931 934
932 933
933 931
934 931
935 936
935 3988
936 935
937 938
937 3989
938 939
939 3990
940 941
941 940
942 3992
943 946
943 4768
944 943
945 2805
946 947
947 948
948 949
949 950
949 4769
950 951
951 952
951 2807
952 953
953 954
954 955
955 2809
955 3993
957 958
958 959
960 961
960 2811
961 962
962 3994
964 3996
965 964
966 967
966 2814
967 968
968 969
968 2815
969 970
970 971
971 972
972 2816
972 4771
973 974
974 975
975 3997
976 975
977 3998
978 979
979 4772
980 981
981 982
982 2818
983 4773
984 983
985 986
985 2819
986 987
987 3999
988 989
989 988
990 991
991 992
992 4000
992 4823
993 992
994 993
994 4824
996 4825
998 4826
1000 999
1002 1001
1002 4001
1004 1003
1005 1006
1005 4002
1006 1007
1007 1008
1008 1009
1009 4003
1010 1011
1011 1012
1011 4828
1012 1013
1013 1014
1014 1015
1015 1016
1016 2822
1017 1018
1017 4005
1018 1017
1019 1020
1019 4006
1020 1019
1021 1022
1022 1023
1023 1024
1024 1025
1025 1026
1025 2823
1026 1027
1027 4007
1028 4008
1029 1028
1030 1031
1030 2824
1031 1032
1032 1033
1032 4830
1033 1032
1034 1035
1035 1036
1037 4009
1038 1039
1038 2826
1039 1040
1040 1041
1041 1042
1042 1043
1042 2827
1043 1044
1044 1045
1044 2829
1045 1046
1046 4831
1047 1046
1048 1047
1048 4010
1049 1048
1050 1049
1050 1051
1051 1052
1052 4011
1053 1052
1054 1053
1054 4832
1055 1056
1056 1057
1057 1058
1058 2831
1058 4012
1059 1060
1060 1061
1061 1062
1062 1063
1063 1064
1064 1065
1064 2833
1065 1066
1067 4833
1068 4014
1069 1068
1070 4834
1071 1070
1072 1071
1072 1073
1073 1074
1074 2835
1074 4015
1075 1074
1076 4016
1077 1078
1078 1079
1079 4017
1080 1079
1081 1082
1082 1083
1083 4018
1083 4835
1084 1083
1085 1086
1085 4019
1087 4836
1089 1088
1089 4020
1091 1090
1092 1094
1093 1092
1094 4021
1095 1096
1096 1097
1097 1098
1097 4022
1097 4837
1098 1099
1100 4023
1101 1100
1102 1101
1102 1103
1103 1104
1104 1105
1104 4024
1105 1106
1106 2841
1106 4025
1108 1109
1108 4026
1110 4027
1112 1113
1112 4838
1113 2842
1114 1115
1115 1116
1116 1117
1117 1118
1118 1119
1118 2844
1119 1120
1120 2845
1120 4028
1121 1122
1121 2846
1122 1123
1123 1124
1124 1125
1126 1127
1126 4839
1127 1126
1128 1129
1128 2848
1129 1130
1130 1131
1130 2849
1131 1132
1132 4840
1133 1132
1134 1135
1135 1136
1136 1137
1137 1138
1138 1139
1138 2851
1139 1140
1140 1141
1141 4030
1142 1143
1143 1142
1143 4031
1144 1149
1144 4032
1144 4841
1144 4842
1145 1146
1145 1147
1145 1148
1146 1144
1147 1145
1148 1145
1149 1144
1150 4843
1151 1150
1152 1151
1152 4844
1153 1154
1154 1153
1154 4033
1155 1156
1156 1157
1157 4034
1158 1159
1159 1158
1159 4035
1160 1161
1161 1160
1162 1163
1162 4036
1163 1164
1164 1162
1164 1165
1165 1166
1166 1167
1167 1168
1168 2857
1168 4037
1169 1168
1170 4038
1171 1170
1172 1173
1172 2858
1173 1174
1174 1175
1174 4039
1175 1176
1176 1177
1178 1179
1179 1178
1180 1181
1181 2860
1181 4040
1182 1183
1183 1182
1183 1184
1184 1185
1186 4041
1187 1188
1188 1189
1189 1190
1190 1191
1193 1194
1193 4043
1194 1193
1195 1196
1195 4044
1196 1195
1197 1198
1197 4045
1198 1199
1199 1200
1200 1201
1200 4845
1201 1200
1202 4846
1203 1204
1204 1203
1204 1205
1205 1206
1206 4046
1207 1208
1208 1207
1208 4047
1209 1210
1210 1211
1211 1212
1212 4048
1213 1214
1214 4049
1215 1216
1216 4050
1217 1218
1218 1219
1219 2871
1220 1221
1221 4052
1221 4848
1222 1223
1223 1224
1224 1225
1225 1226
1226 1227
1227 1228
1228 1229
1229 1230
1230 1231
1231 4849
1232 1233
1233 1232
1233 4054
1234 1235
1235 4850
1236 4055
1237 1236
1238 1239
1239 1240
1240 1241
1241 1242
1242 2877
1242 4851
1243 1242
1244 1243
1244 1245
1245 1246
1246 2879
1247 4056
1248 1247
1249 4057
1250 1251
1251 1250
1251 4058
1253 1252
1254 4060
1255 1256
1256 1257
1257 1258
1258 1259
1259 1260
1260 1261
1260 2880
1261 1262
1262 1263
1262 2881
1263 1264
1264 1265
1267 1268
1268 1269
1269 2884
1271 1272
1272 4062
1273 4853
1274 1273
1275 4854
1276 1275
1277 1278
1277 2885
1278 1279
1279 4063
1280 1281
1281 1280
1281 4064
1282 1283
1283 4065
1283 4855
1284 1285
1285 1284
1286 4066
1286 4856
1287 1288
1288 1289
1289 2886
1289 4068
1291 1292
1291 2887
1292 1293
1293 4069
1295 1294
1295 1296
1296 1297
1297 1298
1298 1299
1299 4070
1301 1300
1301 4071
1303 1302
1303 4072
1305 1304
1305 1306
1306 1307
1307 2890
1307 4073
1309 1310
1310 1311
1311 4074
1313 1312
1313 4857
1315 1314
1315 4075
1316 1317
1317 1318
1318 1319
1318 4076
1319 1320
1320 1321
1320 2893
1321 1322
1322 4858
1324 1323
1326 1325
1327 1326
1328 1327
1328 1329
1329 1330
1330 4077
1331 1330
1332 1333
1332 4078
1333 1332
1334 4859
1335 1334
1336 1337
1336 4079
1337 1336
1338 4080
1339 1338
1340 4081
1341 1342
1342 1341
1343 2896
1344 4082
1345 4860
1346 1345
1347 1346
1348 1350
1348 1351
1349 2897
1349 4861
1350 1348
1351 1348
1352 4083
1352 4862
1353 1352
1354 1353
1354 4084
1355 4087
1356 4085
1357 1358
1357 4088
1358 1359
1359 1360
1360 1361
1361 1355
1362 4089
1363 1362
1364 1365
1364 4090
1365 1366
1366 1367
1366 2899
1367 1368
1368 2900
1368 4863
1370 1369
1370 4864
1372 1373
1373 1374
1374 1375
1375 1376
1376 4091
1378 1377
1378 1379
1379 1380
1380 1381
1381 1382
1382 4092
1383 1384
1384 1385
1385 1386
1385 2906
1386 1387
1387 4093
1389 1388
1390 4094
1391 1392
1392 1393
1393 4866
1394 1393
1395 1396
1395 2908
1396 1397
1397 1398
1397 2909
1398 1399
1399 1400
1399 2910
1400 1401
1401 4095
1401 5096
1402 1401
1403 1404
1403 2911
1404 1405
1405 1406
1405 4867
1406 1407
1407 1408
1408 1409
1409 1410
1410 1411
1411 1412
1412 1413
1413 1414
1413 2915
1414 1415
1415 4964
1417 4965
1419 1420
1419 4298
1421 1422
1421 3364
1422 1423
1423 4299
1425 1424
1425 4966
1426 4300
1427 1426
1428 1429
1429 1430
1430 3365
1430 4301
1431 1432
1432 4302
1433 1434
1434 4303
1435 1436
1436 1437
1436 4967
1437 1438
1438 1439
1439 1440
1441 1442
1441 4304
1442 1441
1443 4305
1444 1443
1445 4306
1446 1445
1447 4307
1448 1447
1449 1448
1450 4308
1450 4309
1451 1450
1452 1453
1453 1454
1454 1455
1454 3367
1455 1454
1456 1457
1457 1458
1458 1459
1458 4310
1459 1458
1460 1461
1461 1462
1462 3369
1463 1464
1464 4311
1465 1466
1466 1465
1467 1468
1467 1469
1467 3372
1468 1467
1469 1470
1470 1471
1470 4312
1472 1473
1472 3374
1473 1474
1474 4968
1475 1476
1475 4969
1476 1475
1477 1478
1478 1477
1479 4313
1480 1479
1481 1480
1481 1482
1482 1483
1483 1484
1483 3375
1484 1485
1485 3376
1485 4314
1486 1487
1487 1488
1488 1489
1490 4970
1491 1490
1492 1493
1493 1494
1494 1495
1494 3378
1497 4971
1498 1497
1499 1498
1499 4316
1500 1499
1501 1502
1502 1503
1503 4972
1504 1505
1505 4973
1506 1507
1507 1508
1509 1510
1510 1511
1511 4974
1512 1511
1513 4317
1514 1513
1515 1514
1515 4318
1516 1515
1517 4975
1518 1517
1519 1518
1519 4976
1520 1521
1521 4319
1522 1523
1523 1522
1523 1524
1524 1525
1525 4320
1526 1527
1527 1526
1527 1528
1528 1529
1529 3383
1529 4321
1530 1531
1531 4322
1532 1533
1533 4977
1534 4323
1535 1536
1536 1537
1537 4324
1538 1539
1539 4978
1540 1541
1541 1540
1542 4326
1543 4979
1544 1543
1545 4327
1546 1547
1547 4328
1548 1549
1549 1548
1550 1551
1551 1552
1552 4330
1553 1554
1554 1555
1555 4331
1556 1555
1557 1556
1557 4332
1558 1559
1559 1558
1561 1562
1562 1563
1563 4980
1564 1563
1565 1564
1566 1567
1568 1569
1569 1566
1570 1571
1570 3387
1571 1572
1572 4981
1573 4334
1574 1573
1575 1576
1576 1577
1577 1578
1577 3388
1578 1579
1579 3389
1579 4335
1580 1581
1581 1582
1583 1584
1583 3390
1584 1585
1585 1586
1586 1587
1588 1589
1589 1588
1590 4336
1591 1592
1592 1591
1593 1594
1593 4983
1594 1593
1595 4984
1596 1597
1597 1598
1600 4337
1601 1600
1602 1603
1603 1604
1604 1605
1604 3393
1605 1606
1606 1607
1607 1608
1608 3395
1608 4986
1609 4338
1610 1609
1611 4339
1612 1611
1613 1612
1613 1614
1614 1615
1615 1616
1615 4987
1616 1615
1617 1618
1618 1619
1619 1620
1620 1621
1621 1622
1621 3399
1622 1623
1623 1624
1624 1625
1625 1626
1625 4340
1626 1627
1627 4341
1628 1629
1629 1628
1629 4988
1630 1631
1631 1632
1631 4342
1632 1633
1633 1634
1634 1635
1635 4989
1636 1637
1637 1636
1637 1638
1638 1639
1639 4990
1640 4343
1641 1640
1642 4344
1643 1642
1644 1643
1644 1645
1645 1646
1646 1647
1646 3403
1647 1648
1648 3404
1648 4991
1649 4345
1650 1649
1651 4346
1652 1651
1653 1654
1653 3405
1654 1655
1655 1656
1656 1657
1657 1658
1657 3406
1658 1659
1659 1660
1660 1661
1661 1662
1661 3408
1662 1663
1664 1665
1665 1666
1665 4993
1666 1667
1667 1668
1668 1669
1668 4347
1669 1668
1670 1671
1670 4348
1671 1670
1672 4994
1673 1672
1674 1675
1674 4995
1675 1674
1676 1677
1677 1678
1678 4349
1679 1678
1680 4350
1681 1680
1682 1681
1683 1688
1684 1683
1685 1686
1686 1687
1688 4996
1689 1690
1689 4997
1690 1689
1691 1692
1692 1693
1693 1694
1694 1695
1695 3413
1695 4351
1696 1695
1697 1698
1697 4352
1698 1697
1699 1700
1699 4353
1700 1701
1701 3414
1701 4354
1703 1702
1703 4355
1704 3415
1705 1706
1706 1707
1707 1708
1708 1709
1708 4356
1709 1708
1710 4357
1711 1710
1712 1713
1712 4998
1713 1712
1714 4999
1715 1714
1716 5000
1717 1718
1718 1717
1718 1719
1719 1720
1720 1721
1720 3417
1721 1722
1722 1723
1722 5001
1723 1724
1724 1725
1726 1727
1726 3419
1727 1728
1728 1729
1728 3420
1729 1730
1730 3421
1731 1732
1732 4359
1733 1734
1733 5002
1734 1733
1735 4360
1737 1738
1737 4361
1738 1739
1739 1740
1740 1741
1741 1742
1742 4362
1744 1743
1744 5003
1746 1747
1746 5004
1748 5005
1749 3424
1750 1751
1751 4363
1752 3425
1753 1754
1754 4364
1755 1754
1756 1757
1757 1758
1758 3426
1758 5006
1759 1760
1760 1761
1761 1762
1761 4365
1762 1763
1764 3428
1765 4366
1766 1765
1767 1766
1767 4367
1768 1769
1769 1770
1770 1771
1770 3429
1771 1772
1772 1773
1773 1774
1774 1775
1774 3432
1775 1776
1776 4368
1778 1779
1779 1780
1780 1781
1781 1782
1782 1783
1783 4369
1784 1783
1785 1786
1786 1787
1787 1788
1787 3436
1788 1789
1789 3437
1789 5007
1790 4370
1791 1790
1792 4371
1793 1792
1794 1795
1794 3438
1795 1796
1796 4372
1796 5008
1797 1798
1798 1799
1799 1800
1800 1801
1801 1802
1801 5009
1802 1803
1803 1804
1803 4373
1804 1805
1806 1807
1807 1808
1810 1811
1811 1812
1812 1813
1812 3444
1813 1814
1814 3445
1814 5011
1815 1814
1816 1815
1816 4374
1817 1816
1818 1819
1818 5012
1819 1818
1820 4375
1821 1820
1822 1821
1822 1823
1823 1824
1824 1825
1824 3446
1825 1826
1826 5013
1827 1826
1828 1827
1828 4376
1829 1828
1830 1829
1830 5014
1831 1830
1832 1831
1832 1833
1833 1834
1834 1835
1834 3449
1835 1836
1836 1837
1837 1838
1838 1839
1838 3450
1839 1840
1841 1842
1842 1841
1843 1844
1844 1845
1845 1846
1846 1847
1847 4377
1848 1849
1849 1848
1849 1850
1850 1851
1851 1852
1851 3455
1852 1853
1853 1854
1854 1855
1855 1856
1856 1857
1857 3456
1857 4378
1858 1857
1859 1860
1859 3457
1860 1861
1861 5015
1862 1861
1863 4379
1864 1863
1865 4380
1866 1867
1867 1866
1868 1872
1868 4381
1869 1870
1870 1869
1871 1868
1872 1871
1873 1874
1873 4382
1874 1873
1875 1876
1876 1877
1877 1878
1877 3458
1878 1879
1880 4384
1881 1880
1882 1881
1882 4385
1883 1882
1884 4386
1885 1884
1886 1887
1887 1888
1888 4387
1888 5016
1889 1888
1890 1891
1890 4388
1892 4389
1893 1894
1894 1893
1895 4391
1896 1897
1897 1898
1898 4392
1899 1898
1900 1899
1900 4393
1901 1900
1902 4394
1903 1902
1904 1905
1905 1906
1906 1907
1906 4395
1907 1908
1908 1909
1909 1910
1910 1911
1911 1912
1913 4397
1914 1913
1915 4398
1915 5017
1916 1915
1917 1916
1917 1918
1918 1919
1919 1920
1920 1921
1921 3466
1921 4399
1923 1922
1923 1924
1924 1925
1925 4400
1927 4401
1928 1929
1929 1930
1930 4402
1931 1930
1932 1933
1932 4403
1933 1932
1934 4404
1934 5018
1935 1934
1936 1937
1936 4406
1939 1940
1939 3470
1940 1941
1941 1942
1941 4407
1942 1941
1943 1944
1943 4408
1944 1945
1945 5020
1947 1948
1948 1949
1949 3472
1949 4409
1951 1952
1952 1953
1953 5021
1955 1956
1955 3474
1956 1957
1957 1958
1958 1959
1959 3475
1959 4410
1960 3476
1961 1962
1962 1963
1963 1964
1964 1965
1966 1967
1966 4411
1967 1966
1968 1969
1968 3478
1969 1970
1970 4412
1971 1970
1972 5022
1973 1972
1974 1973
1974 1975
1975 1976
1976 1977
1977 1978
1978 3480
1978 4413
1979 1980
1980 1981
1980 3481
1981 1982
1982 4414
1983 3482
1984 1985
1985 1986
1986 1987
1987 5023
1988 1989
1989 1988
1989 1990
1992 1993
1993 1994
1994 1995
1995 1996
1996 3486
1996 5025
1997 4415
1998 1997
1999 4416
2000 2001
2001 4417
2002 2003
2003 2004
2004 2005
2005 2006
2006 2007
2007 2008
2008 2009
2008 3489
2009 2010
2010 2011
2010 5026
2011 2010
2012 2013
2012 4418
2013 2012
2014 3491
2015 2018
2016 2017
2016 3493
2016 3494
2017 2016
2018 2015
2019 3492
2020 3498
2021 2020
2022 2023
2022 2024
2022 2025
2022 2026
2022 3499
2022 3592
2022 3594
2022 3595
2022 4450
2023 2022
2024 2022
2025 2022
2026 2022
2028 2029
2029 2022
2030 2031
2031 2032
2032 2033
2034 2035
2034 5042
2035 2034
2036 4551
2037 2036
2038 2037
2038 4552
2039 2038
2040 2039
2040 4553
2041 2040
2042 2041
2042 2043
2043 2044
2044 2045
2044 3599
2045 2046
2046 4554
2048 2049
2049 2050
2050 3601
2050 4555
2051 2052
2052 2051
2052 5043
2053 2054
2054 2053
2055 2056
2055 4557
2056 2055
2057 2058
2058 2059
2059 2060
2060 4558
2061 2062
2062 2061
2062 2063
2065 2066
2066 2067
2067 2068
2068 2069
2069 4559
2070 2069
2071 5045
2072 2071
2073 2074
2073 4560
2074 2075
2075 2076
2077 2078
2078 2077
2079 2080
2080 2081
2081 2082
2081 3609
2082 2083
2083 2084
2083 3610
2084 2085
2085 2086
2085 5047
2086 2087
2087 3612
2087 4562
2088 2089
2088 3613
2089 2090
2090 5048
2091 2090
2092 2093
2092 4563
2093 2092
2094 5049
2095 2094
2096 2097
2097 2098
2099 2100
2099 4565
2100 2099
2101 2102
2102 5050
2103 2104
2103 5051
2104 2103
2105 5052
2106 2105
2107 2108
2107 4566
2108 2107
2109 2110
2109 3615
2110 2111
2111 2112
2111 4567
2112 2111
2113 2114
2113 4568
2114 2113
2115 2116
2115 5053
2116 2115
2117 2118
2117 3616
2118 2119
2119 2120
2120 2121
2121 2122
2122 2123
2123 3618
2123 4569
2124 2123
2125 4570
2126 2127
2127 2128
2128 2129
2129 2130
2130 2131
2131 4571
2132 2133
2133 2134
2134 2135
2135 3621
2135 4572
2136 2137
2137 2138
2138 2139
2139 2140
2140 2141
2141 2142
2142 4573
2143 2142
2144 2145
2145 2146
2146 4574
2147 2146
2148 2149
2149 2150
2150 2151
2150 3626
2151 2152
2152 2153
2152 3628
2153 2154
2154 2155
2154 3629
2155 2156
2156 5054
2157 2156
2158 4575
2159 2158
2160 2161
2160 4576
2161 2160
2162 2163
2162 5055
2163 2162
2164 2165
2165 2166
2166 2167
2166 3631
2167 2168
2168 5056
2169 3632
2170 2171
2171 2172
2174 5057
2175 2174
2176 2177
2177 2178
2178 2179
2178 3634
2179 2180
2180 2181
2180 3636
2181 2182
2182 5058
2183 2184
2184 2183
2184 4578
2185 2186
2186 2185
2187 2189
2188 2187
2189 2188
2190 2191
2191 2190
2192 2193
2192 3637
2193 2194
2194 2195
2195 2196
2196 3638
2198 2199
2199 2200
2200 4579
2201 2200
2202 4580
2203 2202
2204 2203
2204 4581
2205 2206
2206 2207
2209 5059
2210 2211
2211 2210
2212 2213
2212 3640
2213 2214
2214 5060
2215 2216
2216 2215
2219 4585
2220 2219
2221 2220
2221 2222
2222 2223
2223 2224
2223 4586
2224 2225
2225 4587
2226 5061
2227 2226
2228 2229
2228 4588
2229 2228
2230 2231
2231 2232
2232 4589
2233 2232
2234 2235
2234 4590
2235 2234
2236 2237
2236 3643
2237 2238
2238 5062
2239 2238
2240 2241
2240 4591
2241 2242
2242 5063
2244 5064
2245 4592
2246 2245
2247 2246
2248 2247
2248 4594
2249 2248
2250 4595
2251 2252
2252 2251
2252 4596
2253 2254
2254 2255
2254 4597
2255 2256
2256 4598
2257 2258
2258 2259
2258 4599
2259 2260
2260 4600
2261 2262
2262 2263
2263 2264
2264 2265
2264 3645
2265 2266
2266 2267
2267 2268
2269 2270
2269 4602
2270 2271
2271 4603
2272 2273
2273 2274
2273 3648
2274 2275
2275 2276
2275 4604
2276 2277
2277 2278
2277 4605
2278 2279
2279 2280
2280 2281
2281 2282
2281 3649
2282 2283
2283 3650
2283 4606
2285 2284
2286 2287
2286 4608
2287 2288
2288 4609
2289 2290
2290 2291
2291 2292
2292 2293
2293 2294
2293 4610
2294 2295
2295 4611
2296 2295
2297 2296
2297 2298
2298 2299
2299 2300
2299 3656
2300 2301
2301 5065
2302 2301
2303 2302
2303 4612
2304 2303
2305 2306
2306 2307
2308 3658
2309 2310
2310 2309
2311 2312
2311 4613
2312 2311
2313 5066
2314 2313
2315 2314
2315 2316
2316 2317
2317 2318
2318 2319
2319 2320
2319 3660
2320 2321
2321 4614
2322 2323
2323 2322
2323 5067
2324 2325
2325 2324
2325 4615
2326 2327
2327 2328
2328 2329
2329 5068
2330 2331
2331 2330
2332 2333
2332 5069
2333 2332
2334 2335
2335 2336
2336 2337
2336 3663
2337 2338
2338 5070
2339 2340
2340 2339
2341 2342
2342 2343
2343 2344
2344 4618
2345 2344
2346 4619
2347 2346
2348 2349
2349 2350
2350 3667
2350 4620
2351 2350
2352 2353
2352 3668
2353 2354
2354 4621
2355 2356
2356 2355
2357 2358
2357 3670
2358 2359
2359 2360
2360 2361
2361 2362
2361 3671
2362 2363
2363 3672
2364 2365
2364 4622
2365 5071
2366 2364
2366 2367
2367 2368
2368 4623
2369 2370
2370 2371
2371 2372
2372 3674
2373 2377
2374 2375
2374 3675
2375 2376
2376 2373
2377 2378
2377 3676
2378 2379
2379 2380
2380 2381
2381 2382
2382 2383
2383 2384
2383 5072
2384 2385
2385 2386
2386 2387
2387 2388
2387 4625
2388 2389
2389 2390
2390 2391
2391 4626
2393 2392
2394 2395
2395 2396
2396 5073
2397 2398
2398 2399
2399 2400
2400 2401
2401 2402
2402 2403
2403 5074
2404 5075
2405 4628
2406 2405
2407 2408
2407 4629
2408 2407
2409 4630
2410 2409
2411 2410
2411 4631
2412 2411
2413 2414
2413 4632
2414 2413
2415 2416
2416 2417
2417 2418
2417 3684
2418 2419
2419 3685
2419 5076
2420 2419
2421 4633
2422 2423
2423 2422
2424 4635
2425 2424
2426 2427
2426 3686
2427 2428
2428 2429
2428 4636
2429 2428
2430 2431
2430 3687
2431 2432
2432 4637
2433 2432
2434 2435
2435 2436
2436 3688
2436 4638
2437 2436
2438 2439
2439 2440
2440 2441
2440 3689
2441 2442
2442 5077
2443 2442
2444 4639
2445 2444
2446 4640
2447 2446
2448 2449
2449 2450
2450 3691
2450 4641
2451 2450
2452 2453
2452 3692
2453 2454
2454 5078
2455 2456
2456 2455
2456 4642
2457 2458
2458 2457
2459 5079
2460 2459
2461 2460
2462 2463
2462 4643
2463 2462
2464 4644
2465 2466
2466 2465
2466 2467
2467 2468
2468 2469
2469 2470
2471 2472
2471 4645
2472 2471
2473 4646
2474 3695
2475 2476
2476 2477
2477 2478
2478 2479
2479 2480
2481 2482
2482 2483
2483 2484
2484 2485
2485 2486
2485 3699
2486 2487
2487 2488
2488 2489
2489 2490
2489 4647
2490 2491
2491 2492
2491 3701
2492 2493
2493 4648
2494 2495
2495 2496
2496 4649
2497 2498
2498 2499
2499 5080
2500 2501
2501 2500
2502 5081
2503 4651
2504 2505
2505 2506
2506 2507
2507 3704
2507 4652
2508 2509
2509 2510
2510 2511
2511 3705
2511 4653
2512 2513
2513 5082
2514 2515
2515 4654
2516 3706
2517 2516
2518 2519
2520 5083
2521 4655
2522 2523
2523 2524
2524 2525
2524 4656
2525 2526
2526 2527
2527 2528
2528 2529
2529 5084
2530 2531
2531 2530
2533 2532
2533 2534
2534 2535
2535 3710
2535 5085
2536 3711
2537 2538
2538 2539
2538 3712
2539 2540
2540 4657
2541 2540
2542 4658
2543 2542
2544 2543
2544 4659
2545 2544
2546 2547
2547 2548
2549 2550
2549 3714
2550 2549
2552 2553
2553 2554
2554 3715
2555 4660
2556 2555
2557 4661
2558 2557
2559 2558
2559 2560
2560 2561
2561 2562
2561 3717
2562 2563
2563 3718
2563 4662
2564 2563
2565 4663
2566 2565
2567 2566
2567 2568
2568 2569
2569 5086
2570 2569
2571 2570
2571 4664
2572 2571
2573 2572
2573 5087
2574 2573
2575 2576
2576 2577
2577 4665
2578 3721
2579 2580
2580 2581
2580 3722
2581 2582
2582 2583
2583 2584
2584 2585
2585 2586
2586 2587
2587 3725
2587 5088
2588 2587
2589 2590
2589 3726
2590 2591
2591 2592
2591 4666
2592 2593
2593 3727
2593 4667
2595 4668
2597 2596
2597 4669
2599 2598
2600 5089
2601 2600
2602 2601
2603 3731
2604 13
2605 14
2606 18
2607 29
2608 37
2609 41
2610 44
2611 54
2612 63
2613 65
2616 74
2617 80
2618 88
2619 99
2620 109
2622 114
2623 116
2624 119
2625 126
2627 129
2628 145
2629 149
2630 151
2631 153
2632 154
2633 154
2634 156
2635 158
2636 160
2637 162
2638 164
2639 166
2640 168
2641 172
2642 174
2643 176
2644 178
2645 180
2646 182
2647 184
2648 186
2649 188
2650 190
2651 192
2652 194
2653 208
2654 210
2655 212
2656 214
2657 216
2658 220
2659 222
2660 224
2661 226
2662 228
2663 230
2664 232
2665 240
2666 242
2667 244
2668 246
2669 248
2670 254
2671 264
2672 269
2673 271
2674 273
2675 281
2676 283
2677 2678
2679 286
2680 288
2681 294
2682 2683
2684 299
2686 310
2687 312
2688 3842
2689 374
2690 392
2691 396
2692 405
2693 408
2694 2695
2697 3871
2698 3872
2699 430
2700 432
2701 3874
2704 453
2705 459
2710 488
2711 492
2712 497
2713 509
2714 511
2715 513
2716 515
2717 529
2718 531
2719 535
2720 545
2721 550
2722 560
2723 562
2724 570
2725 572
2726 574
2727 576
2728 578
2729 580
2730 584
2731 588
2732 596
2733 600
2734 605
2735 609
2736 613
2737 621
2738 627
2739 635
2740 639
2741 645
2742 649
2743 653
2744 655
2745 3921
2746 662
2747 664
2748 666
2749 668
2750 4746
2751 673
2752 683
2753 685
2754 697
2755 707
2756 708
2758 721
2759 723
2760 727
2761 729
2762 735
2763 739
2764 750
2765 752
2766 754
2769 761
2770 769
2771 770
2772 772
2775 781
2776 783
2777 795
2778 800
2779 802
2780 806
2781 810
2782 3955
2783 816
2784 834
2785 2786
2788 853
2789 865
2790 871
2791 880
2795 897
2796 906
2797 908
2798 910
2799 914
2800 916
2801 919
2803 3986
2804 932
2805 945
2806 947
2807 949
2810 4770
2811 962
2812 963
2813 2812
2814 968
2815 970
2816 972
2817 973
2818 980
2819 985
2820 990
2821 1009
2822 4004
2822 4829
2823 1025
2824 1030
2825 1034
2826 1038
2827 1040
2828 1042
2829 1044
2830 1050
2831 1058
2832 1062
2833 1064
2834 4013
2835 1072
2836 1077
2837 1081
2838 1095
2839 1097
2840 1102
2841 1104
2842 2843
2843 2842
2844 1116
2845 1120
2846 1121
2847 1125
2848 1128
2849 4029
2850 1136
2851 1138
2852 2853
2854 1155
2857 1166
2858 1172
2859 1174
2860 1178
2861 1185
2862 1190
2864 2865
2866 1206
2867 1212
2868 1217
2868 4051
2871 1219
2872 1222
2873 1227
2874 1229
2875 1231
2876 1238
2877 1240
2878 2879
2879 4852
2880 1258
2881 1260
2882 1264
2884 1269
2885 1279
2886 1287
2892 1316
2893 1318
2895 1328
2896 1343
2898 4086
2899 1364
2905 1383
2906 1387
2907 1391
2908 1395
2909 1397
2910 1399
2911 1403
2912 1405
2916 2917
2916 4868
2917 2916
2918 4869
2919 2918
2920 2919
2921 4096
2922 2921
2923 2924
2924 2925
2925 2926
2926 2922
2927 2923
2928 2927
2928 4870
2929 2928
2930 4871
2931 2932
2931 4872
2932 2933
2933 4873
2934 2935
2935 2934
2935 4097
2936 2937
2937 2936
2938 4098
2939 2938
2940 2941
2940 4099
2941 2940
2942 4100
2943 2942
2944 2943
2945 2946
2945 4101
2946 2945
2947 2948
2949 4874
2950 2949
2951 2950
2951 4102
2952 2951
2953 4103
2954 2953
2955 4104
2956 2955
2957 2956
2957 4105
2958 2957
2959 2958
2960 2961
2961 2960
2962 2963
2963 2962
2963 2964
2964 2961
2965 4106
2966 2965
2967 4107
2968 2967
2969 4108
2970 2969
2971 4109
2972 2971
2973 2972
2973 4875
2974 2975
2975 2974
2975 4110
2977 2976
2977 2978
2978 2979
2979 4112
2980 2981
2981 2980
2983 2984
2984 2985
2985 4877
2986 2985
2987 4878
2988 2987
2989 2990
2989 4113
2990 2989
2991 2992
2991 4114
2992 2991
2993 2994
2993 4879
2994 2995
2995 2996
2997 4115
2998 2997
2999 4116
3000 2999
3001 4117
3002 3001
3003 3004
3003 4119
3005 4120
3007 3006
3007 4881
3008 3009
3009 3010
3010 3009
3011 3012
3011 4123
3012 3011
3013 4124
3014 3013
3015 3014
3015 4882
3016 3015
3017 3016
3017 4883
3018 3019
3019 3020
3019 4125
3020 3021
3021 4126
3022 4127
3023 3022
3024 3023
3024 4128
3025 3026
3026 4129
3027 3028
3028 3027
3029 4130
3030 3031
3030 4131
3031 3030
3032 3033
3032 4132
3033 3032
3034 4133
3035 3034
3036 4134
3037 3036
3038 3037
3038 4135
3039 3038
3040 3041
3040 4884
3041 3040
3042 3043
3042 4885
3043 3042
3044 4136
3045 3044
3046 3045
3046 4137
3047 3046
3048 3047
3048 4886
3049 3050
3050 3049
3050 4138
3051 3052
3052 3051
3052 4887
3053 3054
3054 3053
3055 4139
3055 4141
3056 3055
3057 4140
3059 3058
3059 4888
3061 4142
3062 3061
3063 4143
3064 3065
3065 4144
3066 4145
3067 3066
3068 3067
3068 4146
3069 3068
3070 3071
3070 4147
3071 3070
3072 4148
3073 3072
3074 4149
3074 4889
3075 3074
3076 4890
3078 3077
3079 3078
3080 3081
3081 3080
3082 3083
3082 4151
3083 3082
3084 4152
3085 3084
3086 3085
3086 4153
3087 3086
3088 3087
3088 4891
3089 3088
3090 3089
3090 4154
3091 3090
3092 3093
3092 4892
3093 3094
3094 3095
3094 4155
3095 3096
3096 3097
3096 4156
3097 3098
3098 3099
3098 4157
3099 3100
3100 4158
3101 3102
3102 3103
3102 4159
3103 3104
3104 4160
3105 3106
3106 3105
3107 4161
3109 3108
3110 3111
3110 4162
3111 3110
3112 4163
3113 3112
3114 4164
3115 3116
3116 3115
3116 4165
3117 3118
3118 4893
3119 3120
3120 3121
3120 4166
3121 3122
3122 4167
3123 3124
3124 3123
3125 3126
3125 4918
3126 3125
3127 4919
3128 4168
3129 4920
3130 3129
3131 3130
3131 4218
3132 4921
3133 3132
3134 4922
3135 3136
3136 3135
3137 3138
3137 4923
3138 3137
3139 3140
3139 4924
3140 3139
3141 3142
3141 4220
3142 3141
3143 3144
3143 4925
3144 3143
3145 4221
3146 3145
3147 4222
3148 3149
3149 3148
3150 4224
3151 3150
3152 3153
3152 4926
3153 3154
3154 3155
3154 4927
3155 3156
3156 4225
3157 3158
3158 3157
3160 3159
3160 4226
3161 3160
3162 3161
3162 4928
3163 3164
3164 3163
3165 4929
3166 3165
3167 4227
3168 3167
3169 4228
3170 4229
3171 3170
3172 4931
3173 4230
3174 3173
3175 4231
3177 3176
3177 3178
3178 3177
3179 4233
3180 3181
3181 3180
3181 4234
3182 3183
3183 3182
3185 4235
3187 3186
3188 3189
3188 4236
3189 3188
3190 4934
3191 3192
3192 3191
3192 4935
3193 3194
3194 3193
3195 4238
3196 3195
3197 3196
3197 4936
3198 3197
3199 3198
3199 4239
3200 3201
3201 4937
3202 3203
3203 3202
3204 4938
3205 3204
3206 3205
3206 4241
3207 3206
3208 3207
3208 4242
3209 3208
3210 3211
3210 4939
3211 3210
3212 4243
3213 3212
3214 3213
3214 4244
3215 3216
3216 3215
3216 4940
3217 3218
3218 4245
3219 3220
3220 4246
3221 3222
3222 3221
3222 4247
3223 3224
3224 3223
3224 4248
3225 3226
3226 3225
3226 4249
3227 4941
3228 3227
3229 3228
3229 4942
3231 4250
3232 3233
3233 3234
3233 4251
3234 3233
3235 3236
3235 4252
3236 3235
3237 4253
3237 4943
3238 3237
3239 3240
3241 3245
3242 4254
3243 3242
3244 3243
3245 3241
3246 4255
3247 3246
3248 3247
3248 4256
3250 3249
3251 3250
3252 3251
3252 4258
3253 3252
3254 4259
3255 3254
3256 3255
3256 4945
3257 3258
3258 3257
3259 3260
3260 3259
3261 4260
3262 3261
3263 3262
3263 4261
3264 3263
3265 4262
3266 3265
3267 4263
3268 3267
3269 3270
3269 4264
3270 3269
3271 4265
3272 3271
3273 3274
3273 4946
3274 3273
3275 3276
3275 4266
3276 3275
3277 4267
3278 3277
3279 3278
3279 4268
3280 3279
3281 4269
3282 3281
3283 3282
3283 4270
3284 3283
3285 4271
3286 3285
3287 4272
3288 3287
3289 3290
3289 4273
3290 3291
3291 4274
3292 3293
3293 3292
3293 4947
3294 3295
3295 3294
3296 4276
3297 3298
3298 3297
3299 3300
3299 4277
3300 3301
3301 4948
3301 4949
3302 3303
3303 3302
3303 4950
3304 3305
3305 3304
3306 3307
3306 4951
3307 3306
3308 3309
3308 4279
3309 3308
3310 4280
3310 4952
3311 3310
3312 4281
3312 4953
3313 3312
3314 4282
3316 3315
3316 4954
3318 4955
3320 3319
3320 4283
3322 3321
3323 3324
3323 4285
3324 3323
3325 4286
3326 3325
3327 4287
3328 3329
3328 4288
3329 3330
3330 3331
3332 4956
3333 3332
3334 4289
3335 3334
3336 3335
3337 4290
3338 3337
3339 3338
3341 3340
3341 4957
3342 3341
3343 4291
3343 4958
3344 3343
3345 3346
3345 4959
3347 4960
3348 4292
3349 3348
3350 3351
3350 4293
3351 3350
3352 4294
3352 4961
3353 3352
3354 4962
3356 3355
3356 4295
3357 3358
3358 4296
3359 3360
3360 3361
3360 4963
3361 3360
3362 4297
3363 3362
3365 1430
3366 1440
3367 1452
3368 1456
3369 1462
3370 3371
3371 3370
3372 1467
3375 1481
3376 1485
3377 1486
3378 1494
3380 1501
3381 1509
3382 1525
3383 1529
3384 1535
3385 1552
3386 1553
3387 1570
3388 1575
3389 1577
3390 1585
3391 1587
3393 1602
3394 1604
3395 1606
3396 1613
3397 1619
3398 1621
3399 1623
3400 1625
3401 1635
3402 1639
3403 1644
3404 1646
3405 1653
3406 1657
3407 1659
3408 1661
3409 4992
3410 1676
3411 1685
3412 1691
3413 1693
3414 1699
3415 1704
3416 1706
3417 1720
3418 1722
3419 1726
3420 4358
3421 1730
3424 1749
3425 1752
3426 1758
3427 1759
3428 1764
3429 1768
3434 3435
3436 1785
3437 1789
3438 1796
3439 1797
3440 1799
3441 1801
3442 1803
3443 1809
3444 1810
3445 1812
3446 1822
3447 1824
3448 1834
3449 1836
3450 1838
3451 1840
3452 1843
3453 1845
3454 1851
3455 1853
3456 1855
3457 1859
3458 1875
3459 4383
3460 1886
3461 1896
3462 1906
3463 1910
3464 4396
3468 1928
3469 1938
3470 1939
3471 1943
3476 1960
3477 1964
3478 1968
3479 1974
3480 1978
3481 1982
3482 1983
3483 1985
3485 1994
3486 1996
3487 3488
3489 2006
3490 2008
3491 2014
3492 2019
3493 2016
3494 2016
3495 5027
3496 3495
3498 2020
3499 2022
3500 5028
3501 3500
3502 3503
3502 4419
3503 3504
3504 3505
3504 5029
3505 3506
3506 4420
3507 3508
3508 4421
3509 3510
3510 3509
3510 4422
3512 3511
3513 4423
3514 3513
3515 3514
3515 4424
3516 3517
3517 3516
3518 3519
3519 3518
3520 3523
3521 3520
3522 3524
3523 3520
3524 3522
3525 3526
3526 3525
3527 4425
3528 3527
3529 3528
3529 5031
3530 4426
3531 3530
3532 4427
3533 3532
3534 4428
3534 5032
3535 3534
3536 4429
3536 5033
3537 3538
3538 3537
3538 4430
3540 3539
3540 4431
3542 3541
3542 4432
3544 3543
3545 3546
3546 3548
3547 3545
3548 3547
3549 5034
3550 3549
3551 4433
3553 3552
3555 3554
3556 4436
3557 3558
3558 3557
3560 3561
3560 4437
3561 3560
3562 4438
3563 3564
3564 4439
3564 5036
3565 3566
3566 3565
3567 3568
3567 4440
3568 3569
3569 4441
3570 5037
3571 3570
3572 3571
3573 3572
3573 4443
3574 3573
3575 3576
3575 4444
3576 3577
3577 5038
3578 3579
3579 3578
3579 4445
3580 3581
3581 3580
3582 3583
3582 4447
3583 3582
3584 4448
3585 5039
3586 3585
3587 3588
3587 5040
3588 3587
3589 3590
3589 4449
3590 3591
3591 2021
3592 2022
3593 2015
3594 2022
3595 2022
3598 5041
3599 2042
3600 2044
3601 2048
3602 3603
3605 2065
3606 2067
3607 2073
3609 2079
3610 2081
3611 2083
3612 2085
3613 2088
3614 4564
3615 2109
3616 2117
3617 2119
3618 2121
3619 2129
3620 2131
3621 2135
3622 2139
3625 2144
3626 2148
3627 2150
3628 2152
3629 2154
3630 2164
3631 2168
3632 2169
3634 2176
3635 2180
3636 2182
3637 2192
3638 2194
3640 2214
3641 2223
3642 2230
3643 2236
3644 2240
3645 2264
3646 2266
3647 4601
3648 2275
3649 2281
3650 2283
3651 2289
3652 2293
3653 3654
3655 2297
3656 2299
3657 2307
3658 2308
3659 2315
3660 2317
3661 2319
3662 2329
3663 2334
3664 2336
3667 2348
3668 2354
3669 2357
3670 2357
3671 2359
3672 2363
3673 2368
3674 2372
3675 2374
3676 4624
3677 2379
3678 2381
3679 2387
3680 2391
3681 2396
3682 2400
3683 2402
3684 2415
3685 2417
3686 2426
3687 2430
3688 2434
3689 2438
3690 2440
3691 2448
3692 2454
3693 2468
3694 2470
3695 3696
3696 2477
3697 2481
3698 2483
3699 2487
3700 2489
3701 2493
3702 2494
3703 2499
3704 2507
3705 2511
3706 2518
3707 2522
3708 3709
3710 2535
3711 2536
3712 2538
3713 2548
3714 2549
3715 2552
3716 2554
3717 2559
3718 2561
3719 2567
3720 2577
3721 2578
3722 2580
3723 3724
3725 2585
3726 2589
3727 2591
3728 3729
3729 2
3730 5
3731 8
3732 11
3733 15
3734 18
3735 20
3737 22
3738 24
3739 26
3740 30
3741 43
3742 47
3743 49
3744 51
3745 58
3746 60
3747 62
3748 2612
3749 72
3750 74
3751 78
3752 80
3753 86
3754 90
3755 94
3756 96
3757 98
3758 99
3759 103
3760 105
3761 107
3762 112
3763 118
3764 120
3765 123
3766 125
3767 127
3768 135
3769 137
3770 139
3771 143
3773 3774
3775 3776
3776 3777
3777 3778
3778 3779
3779 3774
3781 3782
3783 3784
3785 3786
3787 3788
3789 3790
3791 3792
3793 3794
3795 3796
3797 3798
3799 3800
3801 3802
3803 3804
3806 3807
3809 3810
3811 3812
3813 3814
3815 3816
3817 3818
3819 3820
3821 3822
3823 3824
3824 2669
3825 252
3826 254
3827 258
3828 260
3829 266
3830 268
3831 270
3832 2673
3833 277
3834 292
3835 296
3836 313
3837 317
3838 320
3839 322
3840 326
3841 328
3842 331
3843 333
3844 335
3845 337
3846 339
3847 341
3848 343
3849 345
3850 348
3851 350
3853 354
3854 358
3855 360
3856 368
3857 372
3858 376
3859 380
3860 382
3861 386
3863 389
3864 391
3865 2690
3866 398
3868 403
3869 407
3870 2693
3871 418
3872 425
3873 430
3874 437
3875 439
3876 441
3877 443
3878 2703
3879 449
3880 453
3881 455
3882 459
3883 463
3884 471
3885 477
3886 479
3887 481
3890 498
3891 501
3892 503
3893 517
3894 519
3895 521
3896 523
3897 525
3898 526
3899 541
3900 545
3902 565
3903 568
3904 570
3905 590
3906 592
3907 594
3908 598
3909 617
3910 619
3911 621
3912 625
3913 627
3914 631
3915 633
3916 637
3917 641
3918 643
3919 647
3920 651
3921 658
3922 660
3923 662
3924 670
3925 677
3926 681
3927 688
3928 691
3929 693
3931 2754
3932 701
3933 703
3934 705
3935 3936
3936 710
3937 712
3938 714
3939 727
3940 735
3941 741
3942 745
3944 748
3945 759
3946 763
3947 765
3948 767
3949 2771
3950 787
3951 789
3952 791
3953 793
3955 813
3956 815
3957 817
3958 820
3959 826
3960 828
3961 830
3962 832
3963 834
3964 840
3965 842
3966 844
3967 851
3968 861
3969 863
3970 869
3971 871
3972 873
3973 875
3974 877
3975 879
3976 884
3977 886
3978 892
3979 896
3980 902
3981 904
3982 906
3983 920
3985 923
3986 928
3987 930
3988 937
3989 939
3990 3991
3991 942
3992 944
3993 957
3994 3995
3995 2813
3996 966
3997 977
3998 979
3999 989
4000 994
4002 1007
4003 1011
4004 1017
4005 1019
4006 1021
4007 1028
4008 1030
4009 1037
4010 1050
4011 1054
4012 1060
4013 1067
4014 1070
4015 1076
4016 2836
4017 1081
4018 1085
4019 1087
4020 1091
4021 1095
4022 1100
4023 1102
4024 1106
4025 1108
4026 1110
4028 1121
4029 1133
4030 1143
4031 1145
4032 1144
4033 2854
4034 1159
4035 1161
4036 1164
4037 1170
4038 1172
4039 1177
4040 1183
4041 1188
4042 1193
4043 1195
4044 1197
4045 1199
4046 1208
4047 1210
4048 1214
4049 1216
4050 2868
4052 4053
4053 1224
4054 1235
4055 1238
4056 1249
4057 1251
4059 1254
4060 1256
4061 1267
4062 1274
4063 1281
4064 1283
4065 1286
4066 4067
4067 1289
4068 1291
4069 1295
4070 1301
4071 1303
4072 1305
4073 1309
4074 1313
4075 2892
4076 1320
4077 1332
4078 1334
4079 1338
4080 1340
4081 1342
4082 1346
4083 1354
4084 1356
4085 2898
4086 1361
4087 1357
4088 1359
4089 1364
4090 1366
4091 1378
4092 2905
4094 2907
4095 1403
4096 2923
4097 2937
4098 2939
4099 2942
4100 2944
4101 2947
4102 2953
4103 2955
4104 2957
4105 2959
4106 2967
4107 2969
4108 2971
4109 2973
4111 2979
4112 2981
4113 2991
4114 2993
4115 2999
4116 3001
4118 3003
4119 3005
4120 3007
4122 3011
4123 3013
4124 3015
4125 3021
4126 3022
4127 3024
4128 3026
4129 3028
4130 3029
4131 3032
4132 3034
4133 3036
4134 3038
4135 3040
4136 3046
4137 3048
4138 3052
4139 3057
4140 3055
4141 3057
4142 3063
4143 3065
4144 3066
4145 3068
4146 3070
4147 3072
4148 3074
4149 3076
4150 3079
4151 3084
4152 3086
4153 3088
4154 3092
4155 3096
4156 3098
4157 3100
4158 3102
4159 3104
4160 3106
4161 3107
4162 3112
4163 3114
4164 3116
4165 3118
4166 3122
4167 3124
4169 4170
4171 4172
4173 4174
4175 4176
4177 4178
4179 4180
4182 4183
4184 4185
4186 4187
4188 4189
4190 4191
4192 4193
4194 4195
4196 4197
4198 4199
4200 4201
4202 4203
4204 4205
4206 4207
4208 4209
4210 4211
4211 4212
4212 4213
4214 4215
4216 4217
4217 3125
4218 3133
4219 3137
4220 3143
4221 3147
4222 4223
4223 3150
4224 3152
4225 3158
4226 3162
4227 3169
4229 3172
4230 3175
4232 3179
4233 3181
4234 3183
4236 3190
4237 3195
4238 3197
4239 3201
4240 3204
4241 3208
4242 3210
4243 3214
4244 3216
4245 3220
4246 3222
4247 3224
4248 3226
4249 3229
4250 3233
4251 3235
4252 3237
4253 3239
4254 3244
4255 3248
4256 4257
4258 3254
4259 3256
4260 3263
4261 3265
4262 3267
4263 3269
4264 3271
4265 3273
4266 3277
4267 3279
4268 3281
4269 3283
4270 3285
4271 3287
4272 3289
4273 3291
4274 3293
4275 3296
4276 3298
4277 3301
4278 3306
4279 3310
4280 3312
4281 3314
4282 3316
4284 3323
4285 3325
4286 3327
4287 3328
4288 3330
4289 3336
4290 3339
4291 3345
4292 3350
4293 3352
4294 3354
4295 3358
4296 3360
4297 1415
4298 1421
4299 1425
4300 1428
4301 1432
4302 1434
4303 1436
4304 1443
4305 1445
4306 1447
4307 1449
4308 1450
4309 1452
4310 1460
4311 1466
4312 1472
4313 1481
4314 3377
4315 1497
4316 1501
4317 1515
4318 1517
4319 1523
4320 1527
4321 1531
4322 1533
4323 3384
4324 1539
4325 1542
4326 1544
4327 1547
4328 4329
4329 1550
4330 3386
4331 1557
4332 1559
4333 1569
4334 1575
4335 1581
4337 1602
4338 1611
4339 1613
4340 1627
4341 1629
4342 1633
4343 1642
4344 1644
4345 1651
4346 1653
4347 1670
4348 1672
4349 1680
4350 1682
4351 1697
4352 1699
4353 1701
4354 1703
4355 1705
4356 1710
4357 1712
4358 1731
4359 1735
4360 1737
4361 1739
4362 1744
4363 1753
4364 1756
4365 1763
4366 1767
4367 1770
4368 1778
4369 1785
4370 1792
4371 1794
4372 3439
4373 1805
4374 1818
4375 1822
4376 1830
4377 1849
4378 1859
4379 1865
4380 1867
4381 1873
4382 1875
4383 1880
4384 1882
4385 1884
4386 1886
4387 1890
4388 1892
4389 4390
4390 1895
4391 3461
4392 1900
4393 1902
4394 1904
4395 1908
4396 1913
4397 1915
4398 1917
4399 1923
4400 1927
4401 3468
4402 1932
4403 1934
4404 4405
4405 1936
4406 1938
4407 1943
4408 1945
4409 1951
4410 1961
4411 1968
4412 1972
4413 1980
4414 1984
4415 1999
4416 2001
4417 2003
4418 2014
4419 3504
4420 3508
4421 3510
4423 3515
4424 3517
4425 3529
4426 3532
4427 3534
4428 3536
4429 3538
4430 3540
4431 3542
4432 3544
4434 4435
4436 3558
4437 3562
4438 3564
4439 3566
4440 3569
4441 3571
4442 3573
4443 3575
4444 3577
4445 4446
4446 3582
4447 3584
4448 3586
4449 3591
4450 4451
4452 4453
4454 4455
4456 4457
4458 4459
4460 4461
4462 4463
4464 4465
4466 4467
4468 4469
4470 4471
4472 4473
4474 4475
4476 4477
4478 4479
4480 4481
4482 4483
4484 4485
4486 4487
4488 4489
4490 4491
4492 4493
4494 4495
4496 4497
4498 4499
4500 4501
4502 4503
4504 4505
4506 4507
4508 4509
4510 4511
4512 4513
4514 4515
4516 4517
4518 4519
4520 4521
4522 4523
4524 4525
4526 4527
4528 4529
4530 4531
4532 4533
4533 4534
4534 4535
4536 4537
4538 4539
4540 4541
4542 4543
4544 4545
4546 4547
4548 4549
4550 2022
4551 2038
4552 2040
4553 2042
4554 2047
4555 2052
4556 2055
4557 2057
4558 2062
4559 2071
4560 2075
4561 2079
4562 2088
4563 2094
4564 2099
4565 2101
4566 2109
4567 2113
4568 2115
4569 2125
4570 2127
4571 2133
4572 2137
4573 2144
4574 2148
4575 2160
4576 2162
4577 2174
4578 2186
4579 2202
4580 2204
4581 2206
4582 2209
4583 2212
4584 2217
4585 2221
4586 2225
4587 2227
4588 2230
4589 2234
4590 2236
4591 2242
4592 4593
4593 2248
4594 2250
4595 2252
4596 2254
4597 2256
4598 2258
4599 2260
4600 2262
4601 2269
4602 2271
4603 2273
4604 2277
4605 2279
4607 2286
4608 2288
4609 3651
4610 3654
4611 2297
4612 2305
4613 2313
4614 2323
4615 2327
4616 2332
4617 2341
4618 2346
4619 2348
4620 2352
4621 2356
4622 2366
4623 2370
4624 3677
4625 2389
4627 2394
4628 2407
4629 2409
4630 2411
4631 2413
4632 2415
4633 4634
4634 2424
4635 2426
4636 2430
4637 2434
4638 2438
4639 2446
4640 2448
4641 2452
4642 2458
4643 2464
4644 2466
4645 2473
4646 2475
4647 2491
4648 3702
4649 2497
4650 2502
4651 2505
4652 2509
4653 2513
4654 2517
4655 3707
4656 2526
4657 2542
4658 2544
4659 2546
4660 2557
4661 2559
4662 2565
4663 2567
4664 2573
4665 2579
4666 2593
4667 2595
4668 2597
4669 2598
4670 3732
4671 22
4672 35
4673 45
4674 47
4675 54
4676 3755
4677 133
4678 141
4679 3774
4680 3780
4681 3782
4682 3784
4683 3786
4684 3788
4685 3790
4686 3792
4687 3796
4688 3798
4689 3800
4690 3802
4691 3804
4692 3805
4693 3807
4694 3808
4695 3810
4696 3812
4697 3814
4698 3816
4699 3818
4700 3820
4701 3822
4702 3824
4703 279
4704 2683
4705 303
4706 306
4707 308
4708 312
4709 3838
4710 324
4711 3853
4712 356
4713 362
4714 364
4715 366
4716 370
4717 378
4718 401
4719 2697
4720 421
4721 439
4722 445
4723 451
4724 463
4725 467
4726 475
4727 486
4728 490
4729 495
4730 505
4731 507
4732 529
4733 535
4734 539
4735 543
4736 549
4737 2721
4738 554
4739 556
4740 558
4741 567
4742 584
4743 602
4744 609
4745 613
4746 673
4747 679
4748 695
4749 712
4750 717
4751 719
4752 721
4753 733
4754 739
4755 743
4756 798
4757 800
4758 806
4759 822
4760 824
4761 838
4762 856
4763 865
4764 2791
4765 886
4766 914
4767 923
4768 945
4769 951
4770 960
4771 2817
4772 2818
4773 985
4774 4453
4775 4455
4776 4457
4777 4459
4778 4461
4779 4463
4780 4465
4781 4467
4782 4469
4783 4471
4784 4473
4785 4475
4786 4477
4787 4479
4788 4481
4789 4483
4790 4485
4791 4487
4792 4489
4793 4491
4794 4493
4795 4495
4796 4497
4797 4499
4798 4501
4799 4503
4800 4505
4801 4507
4802 4509
4803 4511
4804 4513
4805 4515
4806 4517
4807 4519
4808 4521
4809 4523
4810 4525
4811 4527
4812 4529
4813 4531
4814 4533
4815 4537
4816 4539
4817 4541
4818 4543
4819 4545
4820 4547
4821 4549
4822 983
4823 994
4824 996
4825 998
4826 1000
4827 1005
4828 1013
4829 2822
4830 1034
4831 1048
4832 1056
4833 1069
4834 1072
4835 1085
4836 1089
4837 1099
4838 1114
4839 1128
4840 1134
4841 1144
4842 1144
4843 1152
4844 1154
4845 1202
4846 1204
4847 1220
4848 4053
4849 1233
4850 1237
4851 1244
4852 1247
4853 1275
4854 1277
4855 1285
4856 4067
4857 1315
4858 1324
4859 1336
4860 1347
4861 1349
4862 1354
4863 1370
4864 1372
4865 1390
4866 1395
4867 1407
4868 2918
4869 2920
4870 2930
4871 2931
4872 2933
4873 2935
4874 2951
4875 2975
4876 4111
4877 2987
4878 2989
4879 2995
4880 3003
4881 4121
4882 3017
4883 3019
4884 3042
4885 3044
4886 3050
4887 3054
4888 3059
4889 3076
4890 4150
4891 3090
4892 3094
4893 3120
4894 4170
4895 4172
4896 4174
4897 4176
4898 4178
4899 4180
4900 4181
4901 4183
4902 4185
4903 4187
4904 4189
4905 4191
4906 4193
4907 4195
4908 4197
4909 4199
4910 4201
4911 4203
4912 4205
4913 4207
4914 4209
4915 4211
4916 4215
4917 4217
4918 3127
4919 3129
4920 3131
4921 3134
4922 4219
4923 3139
4924 3141
4925 3145
4926 3154
4927 3156
4928 3164
4929 3166
4930 3171
4931 3174
4932 4232
4933 3188
4934 3192
4935 4237
4936 3199
4937 4240
4938 3206
4939 3212
4940 3218
4941 3229
4942 3231
4943 3239
4944 3252
4945 3258
4946 3275
4947 4275
4948 3299
4949 3303
4950 4278
4951 3308
4952 3312
4953 3314
4954 3318
4955 3320
4956 3334
4957 3343
4958 3345
4959 3347
4960 3349
4961 3354
4962 3356
4963 3362
4964 1417
4965 1419
4966 1427
4967 1438
4968 1467
4969 1477
4970 1492
4971 1499
4972 1505
4973 1507
4974 1513
4975 1519
4976 1521
4977 4323
4978 4325
4979 1545
4980 1565
4981 1574
4982 1593
4983 1595
4984 1597
4985 1600
4986 1610
4987 1617
4988 1631
4989 1637
4990 1641
4991 1650
4992 1664
4993 1667
4994 1674
4995 1676
4996 1684
4997 1691
4998 1714
4999 1716
5000 1718
5001 1724
5002 1735
5003 1746
5004 1748
5005 1750
5006 3427
5007 1791
5008 3439
5009 1803
5010 1806
5011 1816
5012 1820
5013 1828
5014 1832
5015 1863
5016 1890
5017 1917
5018 4405
5019 1939
5020 1947
5021 1955
5022 1974
5023 1989
5024 1992
5025 1998
5026 2012
5027 3497
5028 3502
5029 3506
5030 3513
5031 3531
5032 3536
5033 3538
5034 3551
5035 3556
5036 3567
5037 4442
5038 3579
5039 3587
5040 3589
5041 2034
5042 2036
5043 4556
5044 2065
5045 2073
5046 4561
5047 2087
5048 2092
5049 2096
5050 2103
5051 2105
5052 2107
5053 2117
5054 2158
5055 2164
5056 2170
5057 2176
5058 2184
5059 4583
5060 4584
5061 2228
5062 2240
5063 2244
5064 2246
5065 2303
5066 2315
5067 2325
5068 4616
5069 2334
5070 4617
5071 3673
5072 2385
5073 2398
5074 2404
5075 2404
5076 2421
5077 2444
5078 2456
5079 2461
5080 4650
5081 2503
5082 2515
5083 2521
5084 2531
5085 2537
5086 2571
5087 2575
5088 2589
5089 2602
5090 5091
5091 2602
5092 3794
5093 1765
5094 237
5095 1186
5096 2930
